N promGL promLT maxGL maxLT
4 0 0 0 0
5 0 0 0 0
6 0 0 0 0
7 0 0 0 0
8 0 0 0 0
9 0 0 0 0
10 0 0 0 0
11 0 0 0 0
12 0 0 0 0
13 0 0 0 0
14 0 0 0 0
15 0 0 0 0
16 0 0 0 0
17 0 0 0 0
18 0 0 0 0
19 0 0 0 0
20 0 0 0 0
21 0 0 0 0
22 1 0 1 0
23 0 0 0 0
24 0 0 0 0
25 0 0 0 0
26 0 0 0 0
27 0 0 0 0
28 0 0 0 0
29 0 0 0 0
30 0 0 0 0
31 1 0 1 0
32 1 0 1 0
33 0 0 0 0
34 1 0 2 0
35 1 0 1 0
36 1 0 2 0
37 0 0 0 0
38 1 0 5 0
39 1 0 3 0
40 1 0 4 0
41 1 0 4 0
42 1 0 2 0
43 1 0 7 0
44 1 0 5 0
45 1 0 3 0
46 1 0 3 0
47 1 0 2 0
48 1 0 6 0
49 1 0 2 0
50 1 0 5 0
51 1 0 6 0
52 1 0 6 0
53 1 0 7 0
54 1 0 4 0
55 1 0 4 1
56 1 0 4 0
57 1 0 4 0
58 1 0 4 0
59 1 0 8 0
60 1 0 11 0
61 1 0 6 0
62 1 0 5 0
63 1 0 4 0
64 1 0 6 1
65 1 0 13 0
66 1 0 3 2
67 1 0 29 0
68 1 0 4 0
69 1 0 24 0
70 1 0 18 1
71 1 0 4 2
72 1 0 29 11
73 1 0 11 2
74 1 0 9 2
75 1 0 14 2
76 1 0 7 0
77 1 0 6 1
78 1 0 15 8
79 1 0 4 1
80 1 0 12 0
81 1 0 9 0
82 1 0 24 6
83 1 0 27 9
84 1 0 8 8
85 1 0 26 5
86 1 0 13 3
87 1 0 8 7
88 1 0 37 3
89 1 0 9 7
90 1 0 16 5
91 1 0 6 23
92 1 0 6 3
93 1 0 6 11
94 1 0 7 10
95 1 0 6 6
96 1 0 14 6
97 1 0 10 15
98 1 0 12 0
99 1 0 8 0
