495
39
104
205
368
359
189
182
228
378
410
486
453
540
819
693
1085
792
918
1629
1180
1266
2114
1560
2130
1902
1736
2709
2454
2788
3146
4411
3169
5116
4265
3643
5937
3731
3698
5724
7269
5955
7724
6501
5083
5724
6352
7586
9181
10709
10994
9009
8207
9246
9146
9227
8161
13203
13694
12049
11019
15931
12882
11237
17703
12197
12719
18017
15642
19440
22055
12873
22930
20589
24121
22320
18786
27154
17486
21133
24160
29520
27975
19053
27621
21566
22071
24687
33339
36011
30403
28346
25750
33136
38500
40190
26913
37153
38524
41472
