tamaño: 5
50
43
39
37
37
37
37
37
37
37
tamaño: 10
114
107
103
103
102
102
102
103
103
103
tamaño: 15
211
204
202
199
238
200
200
199
200
199
tamaño: 20
376
370
366
364
364
364
364
389
365
365
tamaño: 25
486
480
483
479
480
528
273
128
128
127
tamaño: 30
190
190
189
189
189
189
189
189
189
189
tamaño: 35
186
182
181
181
181
181
192
181
181
181
tamaño: 40
230
229
228
228
228
228
228
228
228
228
tamaño: 45
380
377
388
377
377
377
377
377
377
377
tamaño: 50
410
409
426
409
409
409
409
409
409
409
tamaño: 55
490
498
485
484
484
484
484
484
484
484
tamaño: 60
464
451
450
450
450
450
450
450
466
450
tamaño: 65
540
539
539
539
539
539
552
540
540
540
tamaño: 70
820
819
826
817
817
817
817
828
819
819
tamaño: 75
701
694
697
691
691
691
691
697
691
691
tamaño: 80
1087
1083
1088
1084
1084
1087
1084
1084
1084
1090
tamaño: 85
793
791
790
790
806
790
790
790
790
793
tamaño: 90
919
917
917
923
917
917
917
917
920
917
tamaño: 95
1632
1632
1628
1633
1627
1630
1627
1627
1629
1627
tamaño: 100
1183
1186
1179
1179
1182
1179
1179
1182
1179
1179
tamaño: 105
1268
1271
1265
1265
1269
1266
1266
1268
1265
1265
tamaño: 110
2118
2113
2112
2117
2112
2118
2111
2115
2111
2114
tamaño: 115
1562
1565
1558
1558
1561
1558
1563
1558
1558
1564
tamaño: 120
2131
2133
2128
2132
2128
2132
2129
2129
2132
2126
tamaño: 125
1907
1899
1904
1900
1903
1900
1906
1900
1900
1903
tamaño: 130
1740
1738
1734
1740
1734
1744
1734
1734
1737
1734
tamaño: 135
2707
2712
2710
2711
2713
2710
2707
2709
2712
2705
tamaño: 140
2461
2455
2451
2458
2451
2454
2454
2451
2458
2452
tamaño: 145
2785
2789
2792
2786
2789
2789
2786
2792
2790
2789
tamaño: 150
3143
3147
3145
3146
3148
3143
3141
3152
3149
3148
tamaño: 155
4409
4412
4411
4410
4415
4406
4417
4412
4412
4415
tamaño: 160
3171
3172
3164
3170
3168
3169
3171
3167
3170
3168
tamaño: 165
5125
5115
5117
5115
5114
5115
5115
5117
5112
5116
tamaño: 170
4275
4258
4270
4266
4267
4265
4265
4264
4265
4264
tamaño: 175
3658
3642
3642
3645
3643
3642
3639
3641
3639
3641
tamaño: 180
5947
5923
5965
5928
5925
5954
5911
5950
5934
5940
tamaño: 185
3727
3737
3725
3737
3741
3720
3735
3731
3723
3741
tamaño: 190
3698
3705
3720
3701
3695
3697
3689
3690
3691
3696
tamaño: 195
5716
5714
5717
5743
5726
5746
5720
5718
5718
5723
tamaño: 200
7285
7268
7260
7349
7270
7246
7254
7256
7258
7251
tamaño: 205
5956
5962
5952
5962
5956
5952
5953
5959
5949
5958
tamaño: 210
7725
7723
7725
7725
7721
7725
7727
7723
7725
7721
tamaño: 215
6508
6500
6504
6502
6497
6504
6498
6499
6503
6501
tamaño: 220
5088
5080
5083
5086
5082
5085
5082
5082
5084
5083
tamaño: 225
5731
5720
5726
5731
5725
5717
5723
5724
5722
5721
tamaño: 230
6349
6346
6378
6338
6351
6373
6344
6343
6345
6353
tamaño: 235
7595
7598
7590
7581
7574
7582
7584
7582
7585
7590
tamaño: 240
9212
9200
9202
9182
9164
9163
9171
9165
9183
9177
tamaño: 245
10711
10709
10708
10732
10706
10700
10709
10706
10703
10706
tamaño: 250
10994
10995
10994
10997
10997
10998
10992
10991
10997
10986
tamaño: 255
9014
9015
9013
9008
9003
9010
9012
9008
9006
9008
tamaño: 260
8232
8198
8198
8198
8199
8240
8214
8211
8184
8199
tamaño: 265
9402
9437
9192
9213
9218
9209
9206
9199
9186
9200
tamaño: 270
9205
9139
9135
9139
9134
9142
9138
9143
9143
9142
tamaño: 275
9257
9219
9220
9216
9222
9244
9242
9226
9215
9210
tamaño: 280
8165
8167
8138
8158
8166
8142
8167
8171
8181
8162
tamaño: 285
13203
13204
13198
13202
13188
13204
13196
13201
13234
13202
tamaño: 290
13711
13696
13696
13697
13692
13690
13688
13701
13669
13704
tamaño: 295
12059
12357
12057
11985
11983
11983
11983
12052
11980
12054
tamaño: 300
11007
10967
11017
11009
11017
11020
11024
11000
11009
11128
tamaño: 305
15954
15914
15924
15935
15941
15946
15937
15921
15920
15924
tamaño: 310
12916
13032
12841
12804
12840
12844
12945
12839
12918
12845
tamaño: 315
11246
11191
11227
11213
11234
11407
11249
11171
11212
11225
tamaño: 320
17720
17722
17695
17689
17704
17708
17700
17691
17705
17701
tamaño: 325
12221
12203
12194
12239
12180
12142
12191
12202
12200
12200
tamaño: 330
12748
12703
12730
12762
12725
12680
12671
12714
12736
12725
tamaño: 335
17998
18075
18100
17978
18051
17980
17986
17996
17951
18058
tamaño: 340
15632
15719
15593
15603
15631
15592
15600
15624
15593
15840
tamaño: 345
19446
19430
19416
19448
19460
19450
19455
19442
19434
19423
tamaño: 350
22064
22308
21969
22013
21786
22139
21990
22002
22220
22064
tamaño: 355
12895
12828
12826
12844
12822
12954
12816
12849
12840
13061
tamaño: 360
22810
23075
22842
23163
22977
22770
23310
22759
22815
22786
tamaño: 365
20473
20774
20470
20554
20625
20471
21200
20421
20473
20434
tamaño: 370
24176
24015
24144
24042
24371
24118
24115
24100
24017
24114
tamaño: 375
22281
22258
22225
22230
22320
22606
22277
22376
22254
22381
tamaño: 380
18741
18963
18700
18687
18756
18770
18921
18804
18690
18832
tamaño: 385
27244
26834
26877
27111
27243
27023
27136
26928
27287
27864
tamaño: 390
17485
17387
17455
17695
17485
17400
17436
17464
17517
17536
tamaño: 395
21086
21153
21069
21151
21631
21083
21008
21020
21109
21025
tamaño: 400
24381
24127
24036
24079
24079
24089
24299
24128
24286
24099
tamaño: 405
29580
29428
29550
29389
30074
29411
29425
29367
29407
29572
tamaño: 410
27951
27882
28383
27874
27881
27954
27877
27882
28201
27873
tamaño: 415
30669
17741
17747
17728
17727
17865
17741
17771
17773
17774
tamaño: 420
27607
27561
27536
27651
27667
27624
27560
27663
27573
27774
tamaño: 425
21491
21549
21807
21433
21633
21447
21446
21498
21493
21863
tamaño: 430
22185
22055
22023
22419
22081
21996
21999
21987
21969
22002
tamaño: 435
24741
24653
24624
24625
24680
24828
24747
24646
24651
24681
tamaño: 440
33300
33256
33245
33320
33261
33243
33494
33735
33277
33260
tamaño: 445
35994
35926
35906
36031
36060
36289
35948
36013
36016
35927
tamaño: 450
30505
30233
30315
30434
30404
30525
30503
30373
30350
30392
tamaño: 455
28308
28533
28269
28263
28381
28546
28254
28257
28344
28314
tamaño: 460
25685
25791
25616
25740
25646
25685
25789
25805
26030
25719
tamaño: 465
33193
33298
33084
33069
33078
33037
33208
33119
33187
33088
tamaño: 470
38405
38381
38625
38535
38603
38387
38310
38820
38530
38413
tamaño: 475
40035
40158
40134
40001
40280
40287
40071
40387
40301
40255
tamaño: 480
26836
26835
26930
26914
26935
27061
26895
27007
26853
26872
tamaño: 485
37009
37328
37420
37066
37331
37041
36917
36934
37035
37452
tamaño: 490
38555
38771
38627
38661
38247
38705
38201
38498
38500
38481
tamaño: 495
41427
41410
41766
41506
41407
41417
41602
41407
41369
41411
