1970
Iguales
Creciente
Decreciente
Alternado
Random
0
0
0
0
0
0
0
0
0
0
0
0
0
0
0
0
0
0
0
0
0
0
0
0
0
0
0
0
0
0
0
0
0
0
0
0
0
0
0
0
0
0
0
0
0
0
0
0
0
0
0
0
0
0
0
0
0
0
0
0
0
0
0
0
0
0
0
0
0
0
0
0
0
0
0
0
0
0
0
0
0
0
0
0
0
0
0
0
0
0
0
0
0
0
0
0
0
0
0
0
0
0
0
0
0
0
0
0
0
0
0
0
0
0
0
0
0
0
0
0
0
0
0
0
0
0
0
0
0
0
0
0
0
0
0
0
0
0
0
0
0
0
0
0
0
0
0
0
0
0
0
0
0
0
0
0
0
0
0
0
0
0
0
0
0
0
0
0
0
0
0
0
0
0
0
0
0
0
0
0
0
0
0
0
0
0
0
0
0
0
0
0
0
0
0
0
0
0
0
0
0
0
0
0
0
0
0
0
0
0
0
0
0
0
0
0
0
0
0
0
0
0
0
0
0
0
0
0
0
0
0
0
0
0
0
0
0
0
0
0
0
0
0
0
0
0
0
0
0
0
0
0
0
0
0
0
0
0
0
0
0
0
0
0
0
0
0
0
0
0
0
0
0
0
0
0
0
0
0
0
0
0
0
1
0
0
0
0
0
0
0
0
0
1
0
1
0
0
0
0
1
0
0
1
0
1
1
0
1
1
1
1
0
1
1
1
1
1
1
1
1
1
1
1
1
1
1
1
1
1
1
1
1
1
1
1
1
1
1
1
1
1
1
1
1
1
1
1
1
1
1
1
1
1
1
1
1
1
1
1
1
1
1
1
1
1
1
1
1
1
1
1
1
2
1
1
1
1
1
1
1
1
1
1
1
1
1
1
1
1
1
1
1
1
1
1
1
1
1
1
1
1
1
1
1
2
1
1
1
1
2
1
1
2
1
2
1
1
2
1
2
1
1
2
1
2
2
1
2
2
2
2
1
2
2
2
2
1
2
2
2
2
1
2
2
2
2
2
2
2
2
2
2
2
2
2
2
2
2
2
2
2
2
2
2
2
2
2
2
2
2
2
2
2
2
2
2
2
2
2
3
2
2
2
2
3
2
2
2
2
3
2
2
3
2
3
2
2
3
2
3
2
2
2
2
3
3
2
3
2
3
3
2
3
2
3
4
2
3
2
3
3
2
3
3
3
3
2
3
3
3
3
3
3
3
3
3
3
3
3
3
3
3
3
3
3
3
3
3
3
3
3
3
3
3
3
3
3
4
3
3
3
3
4
3
4
3
3
3
3
3
3
3
4
3
4
3
3
4
3
4
3
3
4
3
4
4
3
4
3
4
4
3
4
4
4
4
3
5
4
4
4
3
4
4
4
4
3
4
4
4
4
3
5
4
4
4
4
5
4
4
4
4
4
4
4
4
4
4
4
4
4
4
5
4
5
4
4
5
4
5
4
4
5
4
5
4
4
5
4
5
4
4
6
4
5
4
4
6
5
6
5
4
5
4
5
5
4
5
5
5
5
4
7
5
6
5
5
6
5
6
5
5
6
5
6
5
5
5
5
6
5
5
6
5
6
6
5
7
5
6
6
5
6
5
6
6
5
6
5
6
6
5
7
5
7
6
5
6
6
6
6
5
6
5
6
6
5
6
6
7
6
5
7
6
7
6
5
7
6
7
6
5
7
6
7
6
6
7
6
7
6
6
8
6
7
7
6
7
6
7
7
6
7
6
8
7
6
7
6
8
7
6
8
6
7
7
6
9
7
7
7
6
8
7
8
7
6
7
7
8
7
6
8
7
8
7
6
8
7
8
7
7
8
7
8
8
7
8
7
8
8
7
9
7
9
8
7
9
7
9
8
7
8
7
9
8
7
8
8
9
8
7
9
8
8
8
7
11
8
9
8
7
9
8
9
8
7
9
8
9
8
7
10
9
9
9
7
11
8
9
9
8
10
8
10
9
8
9
9
10
9
8
11
9
10
9
8
10
9
10
9
8
10
9
10
9
8
10
9
10
9
8
12
9
10
9
8
12
9
11
9
8
10
9
11
10
8
10
10
11
10
9
11
10
11
10
9
13
10
11
10
9
11
10
12
10
9
11
10
12
10
9
12
10
12
10
9
12
10
12
10
10
11
10
12
10
10
11
10
12
11
10
12
11
13
11
10
13
11
13
11
10
12
11
13
11
10
12
11
13
11
10
13
11
13
12
10
14
11
14
12
10
12
11
14
12
11
12
11
14
12
11
16
11
14
12
11
13
12
13
13
11
14
12
14
13
11
13
12
14
13
11
15
12
15
13
11
16
12
14
13
11
14
12
14
13
11
14
13
14
13
12
15
13
14
14
12
16
13
15
14
12
14
13
15
14
12
15
13
15
14
12
16
13
15
14
12
16
13
14
14
12
15
13
15
14
12
15
14
16
14
12
19
13
16
14
13
16
14
16
14
13
15
14
15
15
13
15
14
16
15
13
17
14
17
15
13
16
14
17
15
13
16
15
16
15
13
16
15
17
15
13
17
15
16
15
14
18
15
17
16
14
16
15
18
16
14
17
15
18
16
14
20
15
18
16
14
20
17
17
16
14
18
16
18
16
14
17
16
18
16
14
18
16
19
17
14
23
16
19
17
15
18
16
19
17
15
20
17
19
17
15
20
17
18
17
15
21
16
19
17
15
19
17
20
17
15
18
17
19
18
15
19
17
19
18
15
23
17
18
18
16
20
18
20
18
16
19
18
20
18
16
21
18
20
18
16
22
18
21
18
16
22
18
20
19
16
21
19
20
19
16
23
18
21
19
16
25
18
21
19
17
20
19
21
19
17
21
20
21
19
17
25
19
21
19
17
25
20
21
20
17
21
19
22
20
17
21
20
22
20
17
23
20
23
20
18
23
21
23
20
18
22
21
22
20
18
23
21
23
21
18
27
21
24
21
19
26
20
25
21
19
24
20
24
21
19
22
22
24
21
19
29
21
24
21
19
27
21
24
21
20
25
21
26
21
20
26
22
26
21
20
25
22
26
22
20
25
22
25
22
20
24
22
26
22
20
26
23
27
22
21
30
22
26
22
21
27
23
27
23
21
26
23
26
23
21
25
23
25
24
21
29
23
26
24
21
27
24
27
24
21
28
24
28
25
22
26
24
27
25
22
33
24
29
25
22
28
24
28
26
22
26
24
29
26
22
27
25
29
26
22
32
25
28
26
23
31
25
29
26
23
28
25
28
27
23
28
25
29
27
23
30
26
28
27
23
30
26
30
27
23
28
26
30
27
23
29
26
30
27
24
31
27
31
28
24
32
27
30
28
24
30
26
31
28
24
29
28
31
28
24
31
27
31
28
24
37
28
31
29
25
30
28
31
29
25
30
28
31
29
25
33
28
32
29
25
34
28
33
29
25
32
28
33
29
25
31
29
33
30
26
38
29
34
30
26
34
29
34
30
26
32
30
34
31
26
33
30
34
31
27
37
31
34
31
27
35
30
33
31
27
34
31
34
31
27
34
30
34
32
27
34
30
36
32
27
43
32
36
32
28
33
31
36
32
28
34
32
37
33
28
38
32
37
33
28
37
32
37
33
28
35
31
38
33
29
35
33
36
33
29
40
32
36
33
29
38
33
36
34
29
36
32
36
34
29
38
33
37
34
29
40
33
37
34
30
40
34
38
34
30
39
33
39
35
30
36
34
39
35
30
46
34
40
35
30
41
34
40
35
30
39
34
39
35
31
39
36
38
36
31
40
35
38
36
31
44
36
38
36
31
44
35
38
36
31
40
36
41
37
32
41
36
41
37
32
47
36
41
37
32
40
37
42
37
32
41
38
43
37
32
44
37
42
38
33
41
36
43
38
33
40
37
42
38
33
42
38
41
38
33
51
38
42
38
33
45
38
42
39
33
41
39
44
39
34
43
38
44
39
34
45
38
45
39
34
44
40
45
40
34
44
39
45
40
34
43
39
46
40
35
47
40
45
40
35
44
40
46
40
35
43
39
44
41
35
45
42
45
41
35
53
40
45
41
36
53
41
44
41
36
47
41
47
42
36
45
42
47
42
36
48
41
48
42
36
56
42
47
42
37
47
42
49
43
37
51
43
49
43
37
51
43
48
43
38
53
42
48
43
38
48
42
48
43
38
47
44
50
44
39
50
44
48
44
39
60
44
51
44
40
49
44
53
44
40
49
45
52
44
40
55
46
54
44
41
51
47
54
45
41
56
45
55
45
41
51
47
55
45
42
56
46
54
45
42
67
46
53
46
42
51
47
53
46
42
51
48
54
46
42
58
47
53
46
43
60
47
57
47
43
56
46
57
47
43
52
48
57
47
43
60
48
58
47
44
60
51
58
48
44
54
49
59
49
44
55
49
58
49
44
65
51
57
50
44
62
50
56
50
45
55
51
58
51
45
53
50
58
52
45
71
49
58
52
45
62
51
61
53
46
56
52
61
53
46
62
51
61
54
46
58
51
62
54
46
60
53
61
54
47
58
52
62
55
47
56
51
60
55
47
70
53
60
55
47
62
53
60
55
47
59
53
60
56
48
59
55
63
56
48
65
53
63
56
48
66
54
64
56
48
64
55
64
57
49
60
54
65
57
49
76
56
65
57
49
62
56
65
57
49
61
55
65
58
49
61
55
63
58
50
70
58
66
58
50
72
57
64
59
50
63
57
64
59
51
60
57
66
59
51
65
58
67
59
51
66
58
68
60
51
62
57
67
60
51
65
58
69
60
52
66
58
69
61
52
68
61
68
61
52
65
59
68
61
52
65
60
65
61
53
68
61
69
62
53
81
60
66
62
53
66
59
70
62
53
65
62
70
62
54
67
62
70
63
54
68
62
71
63
54
68
61
70
63
54
66
62
73
64
55
83
62
72
64
55
74
64
71
64
55
68
62
70
65
55
71
66
71
65
56
80
64
72
65
56
72
63
70
65
56
71
64
75
66
56
71
66
74
66
57
80
65
76
66
57
90
65
75
67
57
73
66
75
67
57
75
67
77
67
58
78
65
75
68
58
82
68
75
68
58
73
65
75
68
58
73
68
76
68
59
75
70
75
69
59
84
70
77
69
59
73
68
80
69
59
76
71
78
69
60
81
69
80
70
60
84
69
80
70
60
77
70
80
70
60
74
70
81
71
61
106
70
78
71
61
80
72
78
71
61
77
71
79
72
61
80
72
80
72
62
79
75
77
72
62
88
71
80
73
62
83
71
84
73
63
78
74
81
73
63
83
72
83
73
63
96
72
83
74
63
77
75
84
74
64
81
74
82
74
64
82
74
81
75
64
89
75
84
75
64
81
74
82
75
65
81
75
83
76
65
100
75
82
76
65
86
79
86
76
66
83
77
87
77
66
83
79
85
77
66
86
76
89
78
67
87
76
87
78
67
85
77
88
78
67
82
79
85
78
67
94
77
84
79
67
94
83
90
79
68
85
78
86
79
68
87
81
86
80
68
102
80
90
80
69
100
80
92
80
69
88
82
92
80
69
86
83
92
81
70
92
82
93
81
70
110
82
92
81
70
91
83
92
82
70
98
83
88
82
71
92
85
92
82
71
101
85
92
83
71
92
84
89
83
71
89
86
93
84
72
95
84
94
84
72
113
84
96
84
72
89
86
95
84
73
95
86
97
85
73
95
85
96
85
73
93
86
94
85
73
106
86
95
86
74
96
87
95
86
74
102
88
96
86
74
118
89
95
87
75
92
86
92
87
75
98
88
98
87
75
108
91
99
88
75
111
91
101
88
76
98
87
98
89
76
94
93
101
89
76
101
91
100
89
77
101
91
98
90
77
97
90
99
90
78
105
93
101
90
78
116
92
104
91
79
114
93
100
91
79
104
93
104
91
80
97
92
106
92
80
126
93
106
92
81
114
94
111
92
82
105
92
106
92
82
115
97
110
93
83
105
92
108
93
83
111
97
107
93
84
108
95
110
93
85
102
95
110
93
85
131
96
112
94
86
109
99
109
94
86
103
96
117
95
87
109
99
113
95
87
122
98
115
95
87
109
99
118
95
87
117
101
114
96
87
110
100
117
96
88
136
99
112
96
88
113
102
111
97
88
110
100
115
97
89
111
101
115
98
89
128
102
113
98
89
131
102
114
98
90
113
99
121
99
90
112
103
118
99
90
125
105
120
100
91
123
101
121
101
91
111
101
120
102
91
121
105
121
102
92
120
107
116
103
92
118
106
122
104
92
115
107
120
105
93
116
109
118
106
93
121
106
121
107
93
142
109
123
108
93
116
105
125
109
94
117
107
124
110
94
124
109
126
110
95
119
110
123
111
95
118
110
124
112
95
116
112
123
112
96
144
108
121
113
96
132
109
129
113
96
118
108
124
114
97
125
110
122
114
97
136
110
126
114
97
123
113
127
115
98
131
111
130
115
98
123
113
128
116
98
130
117
132
116
99
173
114
127
116
99
119
114
126
117
99
125
113
123
117
100
131
116
127
118
100
134
118
132
118
100
127
115
125
118
101
124
114
132
119
101
142
115
133
119
101
130
117
133
119
102
127
118
136
120
102
127
118
135
120
102
145
116
138
120
102
141
121
133
121
103
134
120
133
121
103
129
124
134
122
104
164
117
137
122
104
147
120
136
123
105
129
122
130
123
105
135
123
139
124
105
137
120
139
124
106
151
122
141
124
106
135
120
141
125
106
130
121
139
125
107
145
127
143
126
107
163
126
140
127
107
130
123
136
127
108
135
126
144
127
108
137
126
142
127
108
135
124
139
128
109
140
130
142
128
109
141
128
145
129
110
169
127
144
129
110
143
129
149
129
110
137
127
146
130
111
139
129
144
130
111
146
129
144
131
111
145
128
141
131
112
144
131
148
131
112
137
134
149
132
112
144
130
147
132
113
146
133
144
133
113
138
132
148
133
113
144
130
153
134
114
164
131
153
134
114
169
136
154
134
114
144
132
151
135
115
143
133
152
135
115
151
136
150
136
116
186
132
149
136
116
147
134
156
137
116
164
140
153
137
117
159
137
150
138
117
162
137
155
138
117
152
136
157
138
118
146
141
160
139
119
153
138
158
139
119
184
141
160
140
119
148
135
159
140
119
154
143
155
141
120
161
146
151
141
120
156
140
158
142
120
167
139
162
142
121
154
142
157
142
121
172
140
157
143
122
201
141
161
143
122
153
145
162
143
122
155
148
165
144
123
181
144
162
144
123
188
146
166
145
123
164
141
162
145
124
154
146
159
146
124
179
145
163
146
124
179
145
168
146
125
161
148
164
147
125
167
149
160
147
126
183
149
168
148
126
179
147
168
148
126
162
149
169
149
127
156
151
171
149
127
213
149
168
150
127
183
154
169
150
128
164
149
163
151
129
186
151
168
151
129
169
152
172
152
129
176
151
170
152
129
168
154
168
152
130
164
156
169
153
130
208
159
172
153
131
181
153
177
154
131
164
157
178
154
131
170
154
176
155
132
190
154
176
155
132
178
160
172
156
133
188
156
167
156
133
168
161
176
157
134
209
160
177
157
134
181
161
173
157
134
169
157
171
158
134
177
159
176
158
135
208
160
179
159
135
204
163
182
159
136
179
158
184
160
136
171
160
183
160
136
183
161
180
161
137
187
166
175
161
137
168
162
180
162
138
178
163
186
162
138
181
164
182
163
138
198
169
180
163
139
183
170
183
164
139
176
166
186
164
140
189
166
190
165
140
223
165
188
165
141
181
172
188
165
141
180
168
188
166
141
190
165
185
166
142
194
169
180
167
142
187
167
187
167
142
190
177
191
168
143
222
180
187
168
143
198
171
186
169
144
182
171
189
169
144
211
178
193
170
145
209
172
194
170
145
185
173
195
171
146
196
173
198
171
146
187
178
190
172
146
208
171
188
172
147
233
178
193
173
147
186
178
199
173
148
200
176
196
174
149
200
180
191
174
148
209
178
198
175
149
198
177
198
175
149
184
183
203
176
150
203
176
203
176
150
221
183
201
177
150
194
179
202
177
151
213
179
193
178
151
204
178
197
178
152
213
186
202
178
152
196
180
203
179
153
187
187
202
179
153
255
191
193
180
153
205
188
202
180
154
198
187
208
181
154
217
184
210
181
155
200
183
213
182
155
223
185
208
182
155
201
187
204
183
156
197
188
200
184
156
217
188
208
184
157
247
187
209
185
158
203
187
209
185
158
213
192
206
186
158
216
191
206
186
159
212
191
215
187
159
203
196
215
187
160
202
190
219
188
161
256
192
220
188
162
223
194
216
188
162
205
193
211
189
163
215
191
216
190
164
238
192
226
190
165
221
200
219
190
166
213
195
220
191
166
207
199
215
191
167
228
200
221
192
168
226
194
231
192
169
211
199
226
193
170
218
206
231
193
170
248
203
230
193
171
257
199
223
194
172
214
201
221
194
173
213
202
228
194
174
236
197
238
195
175
272
206
232
195
176
215
208
232
195
176
243
208
234
196
177
220
207
242
196
177
249
203
245
197
178
224
200
242
197
178
219
206
245
198
179
229
205
235
198
179
285
206
235
199
179
219
214
240
199
180
227
207
240
200
180
229
206
244
200
182
232
216
237
201
181
255
210
235
201
182
239
209
240
202
182
249
208
249
202
183
289
213
248
204
183
221
207
251
203
184
241
218
247
203
184
269
212
238
204
184
281
221
245
205
185
240
210
251
205
185
228
212
251
206
186
251
219
250
207
186
247
216
242
208
187
235
216
249
209
188
236
214
255
210
188
279
218
257
211
188
279
221
256
213
188
252
217
256
214
189
229
223
250
215
189
295
216
245
216
190
253
222
256
217
190
246
223
257
218
190
268
222
260
220
192
246
224
254
221
192
243
227
252
222
192
242
224
259
224
192
239
223
260
225
193
304
226
263
226
194
258
224
262
228
194
242
222
258
229
195
244
232
255
230
195
268
227
257
232
197
250
230
263
233
196
284
233
266
233
197
240
234
265
234
197
310
230
257
234
198
254
235
265
235
198
246
229
273
235
199
252
233
272
236
199
305
239
275
237
200
289
234
268
237
200
253
231
266
238
201
253
238
265
239
201
288
234
268
239
202
275
240
275
240
202
249
236
267
240
203
261
244
268
241
203
261
240
265
242
204
294
244
273
243
205
260
234
277
243
205
256
236
275
243
205
275
241
279
244
206
323
239
270
245
207
255
245
270
245
207
260
243
274
246
207
275
242
283
246
208
281
245
284
247
208
275
240
275
247
208
261
245
273
248
209
321
244
277
248
209
281
255
288
249
210
263
246
287
249
210
273
244
289
250
211
300
246
282
250
211
273
251
277
251
212
276
252
285
251
212
275
258
286
252
213
293
252
295
253
214
373
250
288
254
214
262
256
281
254
215
273
253
287
255
215
297
253
286
256
216
288
253
294
256
217
278
251
290
257
217
273
265
293
257
217
317
259
286
258
218
295
258
282
259
219
273
257
291
259
219
277
260
293
260
219
316
257
299
260
220
285
258
291
262
221
288
263
286
262
221
270
261
296
262
221
350
262
301
264
222
318
259
307
264
222
289
254
300
264
223
292
264
300
265
223
281
263
292
266
224
324
265
299
266
225
299
259
307
267
225
275
264
306
267
226
308
263
302
268
226
349
265
291
269
227
292
265
300
269
227
305
264
303
270
228
304
267
310
270
229
287
275
314
271
229
291
262
300
271
229
291
266
302
272
230
361
276
300
273
230
311
267
306
273
231
293
272
316
273
231
302
277
312
274
232
318
268
311
275
232
309
275
299
275
233
294
270
312
276
233
288
277
317
277
234
319
268
321
277
234
316
276
320
278
235
290
278
306
279
235
303
281
311
280
236
354
283
312
280
237
370
283
324
281
237
307
274
324
281
238
307
282
318
282
238
309
283
314
283
239
372
281
315
283
239
315
279
328
285
240
338
279
325
285
240
335
284
326
285
241
352
282
320
286
243
318
284
315
287
242
301
281
322
287
243
318
287
325
288
243
385
283
332
290
244
304
294
323
289
244
316
294
322
290
245
336
285
318
291
246
311
290
319
291
246
355
287
339
292
246
311
295
335
293
247
337
294
335
294
247
410
297
326
294
248
302
292
328
295
249
329
301
332
295
250
369
298
340
296
250
374
299
344
296
250
337
296
332
297
251
318
310
331
297
251
368
290
331
298
252
369
299
337
298
252
326
303
346
300
253
326
306
342
299
253
388
304
337
300
254
380
309
327
301
255
326
296
336
301
255
317
305
340
302
255
433
300
349
303
256
340
302
350
303
256
321
300
335
304
257
364
311
344
305
257
339
312
342
306
258
353
304
353
306
259
342
302
356
307
259
326
319
347
308
261
414
309
345
308
260
347
319
339
309
261
329
304
352
310
261
352
313
357
310
262
369
318
351
311
263
351
309
353
311
263
370
313
341
312
264
348
315
352
313
264
431
312
357
314
265
361
320
364
314
265
344
321
353
315
266
350
323
347
316
266
400
316
351
317
267
400
323
352
317
267
347
323
370
318
268
332
318
361
319
269
350
322
357
319
269
361
327
355
320
270
333
314
355
321
272
356
325
361
321
271
378
324
369
322
272
375
331
376
322
272
353
333
357
323
273
341
327
365
323
273
378
328
365
324
274
435
322
367
325
274
373
330
380
326
275
364
329
372
326
276
348
337
369
327
276
358
338
359
328
277
359
328
365
328
277
346
344
377
329
278
435
332
374
330
278
394
333
379
331
279
347
339
374
331
280
403
341
370
332
280
415
340
369
333
281
372
339
378
333
281
364
338
382
334
282
375
334
373
335
283
411
347
376
336
283
464
342
368
336
284
354
333
377
337
284
378
350
391
338
285
401
340
385
339
286
407
347
390
339
286
387
343
375
340
287
373
342
384
340
287
389
343
389
341
288
418
351
394
342
288
364
341
391
342
289
416
353
381
343
290
393
357
382
344
290
405
353
377
344
290
378
340
397
345
292
363
355
396
345
292
504
353
389
346
292
399
351
397
348
293
374
348
385
347
293
390
360
393
348
294
395
345
401
349
295
420
365
402
349
295
400
351
394
350
296
367
352
382
351
296
425
362
396
351
297
502
365
390
352
298
384
366
410
353
298
388
361
406
354
299
384
355
409
354
299
406
353
397
355
300
383
356
395
356
301
381
366
417
357
303
486
370
405
357
302
413
372
414
358
302
389
368
400
360
303
395
370
389
360
304
411
381
405
360
304
414
364
414
361
305
430
356
419
362
305
381
370
408
363
306
441
370
410
363
307
426
374
402
364
307
392
376
415
365
309
404
370
425
365
308
476
368
411
366
309
457
377
417
367
310
407
370
398
367
310
395
397
406
368
311
409
386
413
369
311
503
384
424
369
312
403
369
430
370
313
450
387
422
371
313
420
379
423
372
314
456
386
413
374
315
410
387
431
373
315
395
384
433
374
317
442
378
424
374
316
528
386
421
375
317
396
392
417
376
319
428
383
424
377
319
427
387
431
378
319
440
393
436
379
320
471
382
440
379
320
447
393
416
380
321
455
386
430
381
322
524
384
433
381
322
407
389
440
383
324
460
393
438
383
323
488
399
423
384
324
485
407
424
384
325
439
377
425
385
325
422
405
437
386
328
449
403
443
387
327
446
408
446
387
328
423
387
447
388
329
449
408
429
389
330
492
398
443
390
332
493
395
451
390
332
453
407
458
391
333
414
410
450
392
335
549
419
443
392
336
462
418
445
393
338
440
404
444
394
338
496
409
470
395
339
442
402
461
395
340
452
399
469
396
341
454
412
451
397
344
426
412
448
397
343
559
405
471
398
345
463
414
471
399
346
430
417
483
399
347
443
424
456
400
349
499
404
452
400
349
440
410
460
401
351
496
409
466
401
352
446
426
490
402
353
569
420
483
403
354
471
413
482
403
356
438
407
469
403
357
462
432
485
404
358
524
426
492
404
359
538
427
493
405
360
463
416
495
405
361
451
425
475
406
364
488
413
488
407
363
507
425
481
407
364
442
427
499
408
365
499
417
505
409
365
485
435
498
410
366
477
423
493
410
366
477
422
483
411
368
462
442
508
412
368
498
435
498
412
369
576
435
499
413
369
461
430
494
414
370
464
426
473
415
371
488
435
496
415
372
467
448
502
416
373
472
430
511
417
373
472
442
511
418
373
610
437
504
418
374
518
450
516
419
375
462
434
502
420
375
495
436
523
421
376
534
447
515
423
377
485
452
501
422
377
489
444
501
423
379
480
451
499
424
379
505
441
505
424
380
635
446
516
425
380
462
439
524
426
381
494
456
520
427
382
504
455
515
428
382
524
447
518
430
384
546
448
517
430
384
486
464
532
431
385
545
453
519
433
385
517
447
516
435
386
499
456
503
436
386
512
457
505
438
387
532
456
527
440
388
535
464
522
442
388
509
445
542
445
389
479
453
522
445
389
635
460
531
448
391
552
462
533
449
391
489
463
528
450
392
501
463
548
452
392
500
469
523
454
393
569
456
521
456
393
557
466
520
457
394
473
476
524
459
395
553
473
546
461
395
614
478
538
463
396
497
477
554
465
397
507
462
537
468
398
507
469
544
469
399
494
471
545
472
401
519
461
547
473
401
512
480
541
474
402
635
468
525
477
402
545
477
529
478
403
503
479
520
480
403
527
471
547
482
404
549
480
554
483
405
538
485
549
484
406
541
479
564
485
406
493
482
554
486
407
546
494
565
487
408
527
475
555
488
408
499
475
558
488
409
526
491
552
489
410
611
475
536
490
411
631
497
556
491
411
543
482
537
492
412
516
485
569
493
413
555
488
566
494
413
668
507
560
495
414
523
486
572
497
415
583
494
562
496
415
560
504
569
498
416
584
508
563
498
416
542
479
561
500
417
542
493
549
499
418
551
486
552
502
419
666
506
558
501
419
525
504
562
504
420
550
502
572
503
421
570
487
568
505
422
539
508
574
505
422
606
500
569
507
423
529
506
577
507
424
583
497
589
509
425
709
508
570
508
425
520
500
576
511
426
558
501
554
510
427
637
512
563
513
427
656
499
564
512
428
557
497
583
514
429
547
507
597
513
429
626
498
585
515
430
625
524
594
515
430
546
506
591
516
431
587
515
589
516
432
633
511
600
517
433
638
537
579
518
433
553
510
588
518
434
528
528
574
519
434
737
516
567
520
435
604
509
589
521
436
560
512
596
522
437
641
523
599
523
437
557
519
598
524
439
609
521
608
525
439
575
510
596
526
440
544
528
605
527
441
709
539
600
528
442
581
524
585
529
444
555
522
585
530
444
583
534
584
530
446
648
520
593
532
445
614
535
601
533
447
621
525
610
533
447
568
541
614
536
447
704
534
601
535
448
591
544
629
536
449
574
531
609
537
450
584
529
611
537
450
690
540
599
539
451
687
542
583
539
452
590
536
605
540
453
558
548
593
541
454
611
526
628
542
455
624
535
623
543
455
562
549
626
544
457
581
545
628
545
457
601
557
625
547
458
639
543
636
547
458
609
544
636
548
459
587
541
629
548
460
622
549
618
549
460
732
554
607
550
461
599
559
611
551
462
589
572
613
552
463
585
549
644
553
464
617
551
633
554
465
622
560
647
555
465
596
549
641
558
466
734
539
640
557
466
639
564
644
558
467
591
558
647
558
468
622
563
642
560
469
678
568
618
560
470
591
573
631
561
470
645
558
622
562
472
607
573
637
563
471
683
572
653
565
472
762
567
655
564
473
585
560
656
565
474
628
564
656
566
474
640
559
660
567
475
656
587
655
567
476
618
556
654
568
477
609
563
644
569
479
657
574
630
570
478
727
589
649
571
479
611
570
635
572
480
621
588
668
573
481
658
577
667
574
482
666
562
667
575
482
614
577
675
576
485
594
588
669
577
484
879
571
678
578
485
679
578
662
579
485
646
572
654
580
486
661
574
642
581
488
634
595
643
582
488
708
574
658
584
488
639
584
675
584
489
642
602
676
585
490
671
572
678
586
491
771
609
675
587
492
624
593
674
588
494
652
597
673
589
493
679
584
688
590
494
668
600
673
591
495
639
600
659
592
495
620
600
652
593
496
810
609
667
594
497
680
607
676
596
498
629
590
691
595
499
651
612
699
596
499
739
601
687
598
500
665
606
696
598
501
649
600
695
601
502
628
591
695
600
503
712
591
703
601
504
715
610
683
602
504
650
600
674
603
505
654
614
677
606
506
755
621
676
605
507
781
610
699
606
508
650
594
701
607
509
668
621
712
608
509
680
643
698
611
510
829
603
709
610
511
649
637
706
611
511
753
622
701
611
513
665
613
704
612
513
737
612
690
613
514
660
611
691
615
515
652
638
688
615
517
704
614
704
616
518
841
626
710
616
517
647
609
718
617
518
691
638
724
618
519
678
627
717
619
520
674
634
720
621
520
741
629
720
620
521
709
638
721
621
522
753
650
697
622
524
838
650
690
623
523
645
634
703
624
524
717
622
683
625
525
803
641
727
626
526
831
627
728
628
526
693
624
729
628
527
684
649
730
628
527
725
622
732
631
528
730
638
734
631
529
674
645
731
631
530
720
644
719
632
531
827
636
708
634
531
806
667
721
634
532
720
652
717
635
533
658
636
733
636
533
879
657
748
639
534
767
640
741
638
535
709
647
739
639
536
790
646
743
642
537
710
644
748
642
538
710
664
745
642
538
718
642
742
643
542
698
644
736
644
540
907
658
705
646
541
717
653
734
647
543
688
661
721
648
542
717
656
752
649
543
784
667
754
650
544
704
663
752
650
545
781
654
755
653
546
691
683
749
652
546
905
652
761
654
547
768
655
761
656
548
710
654
741
656
549
703
681
743
657
550
843
661
736
659
551
846
673
731
660
552
725
655
751
659
552
709
676
769
662
553
775
678
768
661
554
770
677
770
662
555
701
674
779
665
556
725
674
770
664
556
817
673
775
666
558
832
664
768
668
558
752
689
754
667
559
719
673
745
668
560
782
660
750
671
561
921
692
741
670
562
704
676
771
671
562
717
693
778
674
563
758
698
777
673
564
777
686
786
674
565
759
690
793
677
566
735
685
772
676
567
906
706
780
677
567
789
696
765
679
568
726
692
745
679
569
740
702
758
680
570
827
709
761
682
571
750
707
785
682
571
807
681
783
683
572
744
696
799
685
573
781
694
792
685
574
985
709
790
686
575
718
712
800
687
576
758
719
796
688
579
827
706
794
690
578
810
725
775
690
579
829
695
766
693
579
759
710
778
693
580
860
687
772
694
581
796
703
813
696
582
733
701
807
696
583
783
725
814
697
584
807
731
808
698
585
840
718
810
699
586
818
709
813
700
586
736
727
818
701
587
958
709
808
704
588
866
725
785
703
589
761
719
797
704
589
816
733
780
706
590
768
725
818
707
591
876
733
825
707
592
878
728
820
708
593
748
717
832
709
596
844
717
825
710
595
950
742
822
711
595
780
730
827
713
596
820
752
827
713
597
831
715
799
714
599
798
722
780
715
599
774
751
814
716
602
811
732
786
717
601
985
742
823
718
601
838
740
833
719
602
788
726
832
720
603
824
730
836
721
604
896
742
844
722
605
813
748
849
724
606
797
733
833
724
607
754
767
828
725
609
893
746
801
726
609
817
752
822
727
612
766
757
811
728
610
814
734
842
729
611
957
738
855
732
613
975
746
851
731
614
831
739
858
732
614
786
757
858
733
615
863
768
858
736
616
1028
760
863
735
617
811
772
844
736
617
883
757
836
737
618
856
760
838
741
620
918
766
835
739
620
829
765
829
740
621
791
776
867
742
622
873
773
863
744
623
1034
789
866
744
623
826
749
871
745
624
827
782
859
746
625
904
778
866
749
626
816
777
874
748
627
944
768
845
749
628
819
773
834
750
629
926
750
850
754
630
1092
777
845
753
631
804
786
854
754
631
830
778
887
755
632
966
783
886
757
634
957
790
876
757
636
870
774
892
758
635
829
776
878
758
635
951
794
892
759
636
938
790
876
761
638
821
768
863
761
638
869
793
875
762
639
1038
793
863
764
640
984
796
857
766
641
850
788
888
766
642
802
796
889
767
643
1113
784
895
768
644
953
804
890
769
644
836
787
904
770
647
950
797
898
771
646
844
832
901
772
647
903
787
881
773
648
867
784
865
776
649
838
823
868
775
650
1062
803
858
776
651
892
793
896
777
652
831
818
895
778
652
905
792
912
780
655
931
821
912
780
655
941
827
910
782
655
951
797
913
782
656
840
819
916
784
657
1095
836
905
785
660
890
831
871
786
659
865
791
906
787
660
876
817
892
788
661
1011
801
899
791
662
1029
806
929
790
665
876
832
919
791
664
856
826
928
793
664
889
825
923
794
665
901
844
936
797
666
843
818
932
796
669
902
828
925
797
668
933
843
914
799
669
931
824
887
799
670
884
822
920
802
671
864
848
890
802
673
929
842
932
803
673
1100
827
944
804
674
862
833
942
805
676
912
819
951
807
678
867
831
945
807
682
901
858
956
808
681
919
844
944
809
682
856
856
942
810
684
1128
821
931
811
685
1000
835
924
814
687
860
837
938
813
689
923
843
946
814
690
1032
845
959
816
692
946
861
956
816
693
940
848
963
818
695
922
848
970
819
699
1036
836
953
820
698
1169
870
982
821
700
875
840
963
822
702
966
885
954
823
703
1005
865
943
825
705
1068
843
967
827
707
935
854
940
826
709
919
865
979
827
710
932
851
998
828
712
1063
876
982
828
713
900
864
1012
829
715
936
864
1011
832
717
998
865
1008
831
720
1075
882
1015
832
720
939
865
986
832
722
886
859
982
833
723
1336
890
993
834
725
975
855
988
835
728
925
897
1016
838
729
981
905
1021
836
733
941
872
1037
837
733
1049
862
1023
838
734
973
869
1036
838
736
916
879
1034
839
738
1051
884
1025
840
739
1158
894
1037
842
741
960
877
1006
843
743
957
898
988
842
746
963
893
1009
843
746
1009
914
1007
845
747
965
882
1036
845
748
934
889
1036
846
749
1182
902
1060
847
750
998
889
1039
850
751
947
886
1050
850
753
960
901
1054
851
755
1011
874
1061
852
754
1005
913
1032
852
755
1025
880
1016
854
756
964
928
1042
855
757
1075
895
1019
856
758
1095
912
1063
858
759
957
906
1067
860
760
993
901
1071
859
764
1157
912
1073
861
764
1150
908
1058
862
763
996
906
1072
863
764
950
914
1059
864
765
1044
889
1065
865
766
1219
934
1043
866
767
977
916
1058
867
768
1067
926
1060
869
769
996
942
1028
871
770
1134
935
1082
871
772
1007
916
1062
871
773
948
936
1075
873
774
1048
910
1077
874
774
1255
910
1078
875
775
961
930
1088
876
776
1008
939
1075
877
777
1000
925
1073
879
778
1005
920
1037
880
779
1131
926
1057
882
779
1039
943
1062
883
780
1091
947
1065
883
783
1273
928
1098
883
784
955
920
1089
885
784
1047
967
1101
886
784
1143
954
1085
887
786
1198
937
1103
888
786
1078
906
1111
890
788
1011
969
1077
891
788
1024
930
1078
892
789
1024
950
1079
895
790
989
966
1082
897
791
1018
946
1059
900
792
1145
938
1113
904
794
1157
940
1120
906
794
1044
923
1114
909
795
969
968
1124
910
798
1279
938
1112
912
799
1154
966
1127
914
800
1043
960
1119
917
799
1163
969
1094
919
800
1009
979
1081
922
801
1067
971
1097
925
802
1049
939
1090
927
803
981
957
1111
930
803
1285
979
1131
932
805
1074
975
1127
934
805
991
962
1133
937
806
1037
974
1141
940
807
1177
967
1111
942
808
1068
954
1128
945
808
1135
993
1109
948
810
1043
987
1086
951
810
1303
979
1118
954
811
1102
965
1107
957
813
1023
974
1091
959
815
1070
984
1134
960
817
1195
990
1154
963
819
1252
970
1138
966
820
1067
967
1136
969
821
1039
977
1147
972
823
1165
982
1134
975
823
1160
974
1149
977
823
1054
986
1124
980
824
1079
1000
1109
983
825
1100
977
1139
986
827
1110
1012
1117
988
828
1074
983
1159
991
828
1050
995
1158
994
830
1129
991
1171
996
831
1321
998
1157
999
832
1055
1018
1171
1001
833
1066
1009
1176
1002
834
1123
1007
1167
1004
835
1082
988
1159
1005
836
1079
1004
1126
1006
837
1042
1017
1161
1007
837
1375
1017
1141
1008
840
1143
1002
1124
1010
840
1047
1006
1190
1011
841
1116
1042
1164
1012
841
1235
1030
1189
1014
843
1068
1028
1180
1015
843
1187
994
1185
1016
845
1090
1027
1175
1017
845
1169
995
1174
1019
847
1551
1041
1154
1020
848
1044
1029
1124
1021
849
1110
1008
1181
1023
851
1171
1030
1138
1024
851
1203
1065
1168
1026
852
1111
1008
1202
1027
853
1091
1016
1193
1028
855
1273
1038
1201
1029
855
1143
1036
1193
1030
857
1086
1025
1209
1031
858
1130
1056
1187
1033
858
1211
1035
1181
1035
860
1204
1032
1161
1036
861
1174
1032
1159
1037
862
1073
1022
1181
1038
863
1415
1068
1148
1040
866
1265
1065
1214
1041
867
1091
1034
1212
1042
868
1146
1027
1215
1043
869
1152
1036
1220
1045
870
1268
1085
1197
1047
869
1154
1027
1224
1050
870
1058
1076
1188
1051
871
1255
1026
1190
1053
873
1375
1042
1162
1053
874
1091
1062
1186
1054
874
1156
1044
1188
1055
876
1151
1045
1206
1056
877
1107
1052
1227
1057
877
1109
1065
1215
1058
879
1143
1083
1240
1059
880
1417
1076
1230
1060
881
1185
1056
1220
1061
882
1125
1065
1248
1062
882
1142
1085
1194
1063
884
1195
1073
1194
1065
885
1258
1065
1210
1065
885
1179
1068
1194
1066
886
1100
1095
1180
1067
887
1196
1102
1242
1069
888
1168
1092
1258
1070
892
1131
1058
1236
1071
892
1147
1067
1263
1072
893
1319
1097
1254
1075
893
1339
1096
1254
1076
892
1141
1075
1250
1077
893
1138
1080
1211
1076
894
1189
1067
1246
1077
895
1520
1093
1227
1078
896
1168
1086
1219
1079
898
1287
1127
1252
1081
899
1269
1075
1264
1082
900
1274
1115
1276
1083
901
1213
1087
1263
1085
902
1168
1103
1281
1086
905
1294
1129
1267
1088
907
1452
1134
1268
1092
907
1148
1100
1235
1094
908
1215
1125
1208
1094
909
1237
1073
1237
1094
910
1164
1126
1215
1095
911
1296
1106
1273
1097
913
1147
1100
1272
1098
914
1331
1096
1273
1099
915
1585
1155
1296
1101
916
1142
1109
1265
1102
918
1187
1126
1287
1104
921
1388
1106
1267
1107
921
1467
1123
1267
1108
920
1242
1107
1225
1107
921
1187
1135
1250
1108
922
1353
1120
1276
1110
923
1366
1108
1227
1111
925
1167
1113
1294
1113
926
1250
1115
1293
1114
927
1392
1144
1306
1116
931
1384
1128
1309
1118
930
1207
1119
1300
1120
930
1139
1148
1316
1120
931
1578
1164
1291
1120
932
1380
1140
1288
1122
933
1216
1114
1247
1123
934
1364
1165
1293
1124
935
1230
1124
1277
1126
938
1352
1149
1287
1127
940
1230
1152
1324
1131
939
1221
1124
1311
1132
940
1544
1129
1332
1132
941
1236
1172
1315
1133
942
1211
1153
1321
1134
943
1241
1154
1328
1135
945
1371
1131
1291
1137
947
1295
1165
1293
1138
949
1355
1121
1289
1142
948
1226
1158
1294
1142
949
1537
1167
1276
1142
950
1325
1173
1304
1144
951
1209
1166
1338
1145
952
1276
1141
1327
1146
954
1523
1173
1333
1148
957
1470
1176
1325
1151
956
1262
1147
1346
1151
957
1183
1181
1328
1152
958
1287
1177
1289
1153
959
1360
1148
1284
1155
960
1221
1166
1301
1156
961
1255
1203
1303
1157
964
1304
1177
1313
1160
965
1370
1186
1348
1161
964
1270
1161
1362
1161
966
1204
1195
1349
1162
967
1333
1164
1369
1164
968
1557
1183
1350
1164
971
1278
1184
1372
1166
972
1240
1189
1324
1168
971
1249
1240
1307
1168
972
1330
1199
1350
1169
973
1278
1174
1309
1170
974
1226
1195
1310
1171
975
1567
1194
1358
1173
979
1334
1227
1378
1176
978
1251
1203
1373
1176
978
1437
1212
1369
1176
980
1452
1197
1389
1178
981
1245
1214
1355
1178
982
1315
1199
1375
1179
985
1257
1185
1337
1184
984
1420
1221
1306
1183
985
1577
1189
1351
1183
987
1229
1191
1331
1185
988
1341
1236
1371
1187
988
1474
1181
1368
1189
992
1424
1217
1404
1192
991
1339
1221
1376
1192
992
1278
1234
1381
1193
993
1377
1212
1405
1194
994
1476
1239
1383
1196
997
1275
1191
1373
1199
997
1419
1206
1338
1199
998
1406
1224
1388
1201
999
1417
1231
1362
1202
1000
1294
1246
1341
1203
1003
1224
1246
1414
1206
1002
1712
1228
1398
1206
1003
1390
1246
1424
1207
1004
1318
1255
1401
1209
1005
1344
1213
1420
1210
1010
1318
1239
1415
1214
1008
1469
1260
1399
1212
1008
1317
1238
1389
1214
1010
1298
1250
1339
1215
1011
1495
1248
1402
1216
1014
1632
1242
1342
1220
1013
1328
1239
1408
1220
1014
1378
1262
1416
1221
1015
1406
1244
1411
1224
1017
1367
1260
1438
1224
1020
1300
1225
1419
1227
1019
1315
1237
1431
1227
1020
1656
1232
1411
1228
1021
1405
1292
1403
1229
1025
1282
1235
1373
1233
1023
1385
1258
1375
1232
1025
1518
1236
1408
1234
1026
1404
1248
1336
1235
1027
1368
1265
1425
1236
1030
1279
1255
1444
1239
1029
1483
1236
1430
1239
1030
1426
1275
1445
1240
1031
1319
1279
1440
1242
1035
1369
1306
1460
1245
1034
1556
1251
1419
1245
1035
1596
1307
1413
1246
1036
1333
1266
1430
1248
1039
1306
1282
1424
1251
1039
1458
1272
1421
1251
1040
1720
1308
1431
1253
1041
1320
1264
1473
1254
1043
1576
1295
1456
1257
1043
1383
1244
1469
1257
1045
1517
1310
1467
1258
1046
1364
1275
1461
1260
1048
1354
1263
1478
1264
1052
1488
1281
1425
1262
1049
1682
1291
1428
1264
1051
1363
1306
1435
1265
1054
1427
1300
1437
1269
1054
1381
1314
1414
1268
1054
1387
1263
1469
1270
1055
1564
1313
1478
1270
1058
1418
1339
1459
1273
1058
1538
1313
1494
1272
1059
1756
1287
1475
1273
1060
1312
1318
1473
1275
1063
1457
1285
1481
1278
1062
1629
1307
1419
1277
1064
1682
1315
1471
1278
1067
1466
1314
1458
1281
1066
1393
1319
1414
1280
1067
1510
1326
1444
1281
1068
1473
1321
1492
1283
1070
1369
1294
1496
1284
1070
1456
1316
1472
1285
1071
1727
1325
1521
1287
1075
1655
1333
1497
1290
1073
1466
1352
1497
1289
1074
1329
1301
1473
1290
1076
1774
1315
1437
1294
1077
1550
1330
1490
1293
1078
1444
1338
1447
1295
1079
1577
1365
1445
1296
1083
1464
1377
1509
1299
1082
1443
1407
1499
1299
1083
1472
1359
1527
1300
1086
1426
1392
1515
1303
1085
1830
1384
1544
1303
1086
1458
1375
1516
1305
1088
1410
1402
1508
1308
1087
1448
1406
1466
1307
1088
1561
1370
1505
1309
1090
1458
1408
1510
1311
1092
1564
1364
1457
1312
1092
1402
1409
1533
1313
1093
1835
1404
1512
1314
1096
1484
1409
1531
1316
1096
1397
1430
1542
1318
1096
1457
1422
1525
1318
1100
1719
1397
1548
1321
1099
1673
1399
1518
1321
1100
1459
1399
1511
1323
1104
1408
1424
1448
1327
1103
1632
1405
1530
1326
1103
1583
1432
1497
1328
1107
1411
1404
1450
1331
1106
1468
1437
1576
1331
1107
1531
1432
1538
1333
1111
1662
1420
1567
1335
1109
1503
1463
1559
1335
1111
1460
1460
1556
1336
1114
1557
1419
1580
1339
1113
1821
1433
1521
1339
1114
1433
1421
1520
1341
1118
1458
1437
1539
1342
1117
1522
1412
1544
1344
1118
1578
1449
1500
1346
1120
1522
1417
1540
1346
1120
1450
1424
1573
1348
1121
1821
1436
1564
1352
1122
1647
1448
1584
1351
1124
1456
1418
1551
1352
1125
1476
1473
1583
1356
1126
1618
1447
1566
1356
1128
1475
1440
1524
1357
1131
1646
1453
1526
1361
1129
1508
1440
1550
1360
1131
1625
1442
1537
1361
1134
2083
1472
1552
1364
1133
1447
1437
1558
1364
1134
1500
1469
1583
1368
1135
1655
1477
1575
1368
1137
1596
1503
1597
1369
1140
1519
1485
1576
1372
1139
1468
1446
1621
1371
1140
1730
1452
1537
1373
1143
1614
1496
1515
1374
1143
1458
1490
1591
1375
1144
1518
1490
1549
1379
1145
1609
1489
1549
1379
1147
1673
1493
1574
1380
1150
1575
1494
1612
1383
1149
1459
1509
1603
1383
1150
1916
1505
1609
1388
1151
1736
1503
1639
1385
1153
1533
1518
1611
1387
1156
1598
1508
1618
1389
1155
1489
1530
1561
1391
1157
1734
1508
1549
1393
1157
1583
1522
1609
1393
1159
1512
1510
1560
1394
1162
1685
1493
1621
1397
1161
1901
1528
1625
1397
1162
1508
1495
1648
1400
1163
1572
1512
1633
1400
1165
1606
1498
1635
1402
1169
1515
1524
1649
1404
1167
1492
1557
1626
1404
1169
1536
1558
1620
1408
1170
1921
1555
1566
1408
1171
1660
1526
1604
1410
1173
1525
1543
1589
1411
1173
1584
1551
1575
1412
1176
1748
1526
1624
1416
1176
1617
1549
1627
1415
1177
1575
1519
1656
1419
1178
1469
1541
1631
1417
1179
1657
1575
1634
1419
1183
1616
1545
1634
1421
1182
1523
1520
1612
1422
1183
1576
1554
1611
1426
1185
1885
1526
1624
1426
1186
1910
1534
1653
1429
1187
1597
1565
1593
1428
1188
1559
1571
1640
1430
1191
1660
1580
1672
1432
1191
1944
1576
1648
1434
1194
1556
1549
1689
1435
1193
1722
1576
1658
1436
1196
1680
1534
1677
1440
1196
1758
1579
1656
1440
1197
1602
1583
1639
1443
1198
1530
1588
1620
1442
1199
1667
1547
1634
1445
1202
2008
1576
1668
1445
1202
1525
1578
1604
1449
1206
1627
1592
1679
1449
1204
1698
1574
1689
1451
1208
1612
1625
1684
1452
1207
1800
1578
1707
1453
1210
1566
1591
1684
1457
1209
1706
1595
1708
1457
1210
2136
1586
1646
1459
1211
1512
1604
1637
1460
1213
1604
1617
1649
1463
1214
1877
1597
1655
1463
1216
1857
1597
1669
1466
1217
1701
1565
1661
1465
1218
1576
1603
1720
1469
1219
1851
1563
1704
1468
1220
1813
1597
1707
1472
1222
1599
1609
1706
1471
1223
1683
1635
1709
1475
1224
1951
1607
1710
1474
1226
1923
1613
1654
1478
1227
1627
1593
1663
1477
1228
1586
1638
1673
1480
1229
2144
1622
1679
1480
1231
1682
1605
1664
1483
1232
1625
1627
1694
1483
1233
1833
1621
1754
1485
1234
1616
1658
1718
1485
1236
1718
1635
1727
1489
1236
1676
1603
1722
1487
1238
1617
1635
1725
1491
1239
2070
1623
1711
1490
1240
1773
1633
1656
1494
1241
1607
1641
1737
1493
1242
1652
1624
1711
1497
1244
1792
1626
1692
1497
1246
1703
1637
1727
1500
1247
1815
1621
1743
1499
1248
1656
1649
1775
1503
1249
2087
1628
1721
1502
1251
1733
1663
1756
1506
1252
1672
1621
1728
1505
1255
1688
1647
1714
1508
1254
2057
1669
1710
1509
1260
1897
1650
1657
1510
1257
1702
1643
1761
1511
1261
1605
1704
1706
1513
1260
1700
1638
1693
1514
1263
1756
1678
1737
1516
1262
1589
1647
1770
1517
1265
1705
1664
1769
1518
1264
1724
1677
1751
1522
1268
1803
1664
1807
1522
1267
1700
1665
1755
1525
1268
1634
1698
1749
1525
1269
1807
1662
1719
1528
1271
2092
1695
1744
1528
1272
1669
1665
1776
1533
1273
1634
1685
1707
1531
1276
1624
1671
1790
1535
1277
1711
1720
1783
1535
1280
1740
1667
1793
1536
1279
1695
1695
1798
1538
1282
2092
1673
1787
1539
1281
1881
1679
1823
1543
1283
1623
1703
