mejor
0 0.002 
1 0 
2 0.009000000000000001 
3 0.009000000000000001 
4 0.011 
5 0.013 
6 0.015 
7 0.019 
8 0.023 
9 0.027 
10 0.032 
11 0.039 
12 0.04500000000000001 
13 0.052 
14 0.06 
15 0.06899999999999999 
16 0.079 
17 0.089 
18 0.101 
19 0.116 
20 0.128 
21 0.143 
22 0.159 
23 0.176 
24 0.195 
25 0.214 
26 0.237 
27 0.282 
28 0.283 
29 0.324 
30 0.336 
31 0.362 
32 0.443 
33 0.424 
34 0.461 
35 0.492 
36 0.5419999999999999 
37 0.5680000000000001 
38 0.612 
39 0.656 
40 0.7010000000000001 
41 0.747 
42 0.723 
43 0.6539999999999999 
44 0.6899999999999999 
45 0.732 
46 0.776 
47 0.828 
48 0.869 
49 0.919 
50 0.975 
51 1.031 
52 1.081 
53 1.137 
54 1.211 
55 1.281 
56 1.324 
57 1.388 
58 1.46 
59 1.576 
60 1.599 
61 1.677 
62 1.753 
63 1.901 
64 1.933 
65 1.994 
66 2.104 
67 2.174 
68 2.258 
69 2.356 
70 2.456 
71 2.587 
72 2.692 
73 2.795 
74 2.874 
75 2.987 
76 3.163 
77 3.218 
78 3.33 
79 3.442 
80 3.571 
81 3.729 
82 3.878 
83 3.956 
84 4.133999999999999 
85 4.246 
86 4.388000000000001 
87 4.531999999999999 
88 4.724 
89 4.852 
90 5.015000000000001 
91 5.145 
92 5.312 
93 5.469 
94 5.651 
95 5.849 
96 6.066 
97 9.997999999999999 
98 6.931999999999999 
99 6.544 
100 6.736 
101 6.933 
102 7.119999999999999 
103 7.323 
104 7.523000000000001 
105 7.742 
106 7.946 
107 8.16 
108 8.385 
109 8.612 
110 8.834 
111 9.074 
112 9.318999999999999 
113 9.553000000000001 
114 9.797000000000001 
115 10.051 
116 10.319 
117 10.555 
118 10.819 
119 11.086 
120 11.359 
121 11.621 
122 11.906 
123 12.183 
124 12.491 
125 12.765 
126 13.059 
127 13.394 
128 13.677 
129 13.979 
130 14.3 
131 14.608 
132 14.947 
133 15.281 
134 15.627 
135 15.978 
136 16.348 
137 16.741 
138 17.077 
139 17.431 
140 17.81 
141 18.164 
142 18.551 
143 18.86 
144 19.242 
145 19.644 
146 20.027 
147 20.455 
148 20.86 
149 21.267 
150 21.697 
151 22.127 
152 22.578 
153 22.994 
154 23.432 
155 23.872 
156 24.331 
157 24.769 
158 25.225 
159 25.704 
160 26.204 
161 26.637 
162 27.15 
163 27.638 
164 28.15 
165 28.622 
166 29.13 
167 29.639 
168 30.181 
169 30.677 
170 31.259 
171 31.778 
172 32.393 
173 32.935 
174 33.453 
175 33.97300000000001 
176 34.576 
177 35.106 
178 35.695 
179 36.26900000000001 
180 36.892 
181 37.48 
182 38.04 
183 38.645 
184 39.262 
185 39.918 
186 40.531 
187 41.185 
188 41.81 
189 42.46 
190 43.093 
191 43.777 
192 44.469 
193 45.169 
194 45.896 
195 46.588 
196 47.299 
197 48.015 
198 48.715 
199 49.444 
200 50.187 
201 50.946 
202 51.685 
203 52.414 
204 53.236 
205 54.014 
206 54.784 
207 55.553 
208 56.376 
209 57.209 
210 58.03 
211 58.878 
212 59.808 
213 61.295 
214 61.964 
215 62.654 
216 63.415 
217 64.334 
218 65.15300000000001 
219 66.063 
220 66.82499999999999 
221 67.58699999999999 
222 68.538 
223 69.51899999999999 
224 70.452 
225 71.392 
226 72.408 
227 73.18299999999999 
228 74.271 
229 75.10799999999999 
230 76.137 
231 76.95999999999999 
232 78.02000000000001 
233 78.95299999999999 
234 80.41500000000001 
235 81.511 
236 82.922 
237 83.414 
238 84.34 
239 85.73400000000001 
240 87.226 
241 87.916 
242 88.82600000000001 
243 89.98599999999999 
244 90.99300000000001 
245 91.684 
246 92.715 
247 93.68700000000001 
248 94.991 
249 95.87700000000001 
250 97.682 
251 98.849 
252 99.898 
253 100.745 
254 101.977 
255 103.532 
256 104.935 
257 105.691 
258 106.931 
259 108.546 
260 109.248 
261 110.589 
262 111.551 
263 112.539 
264 113.781 
265 115.511 
266 116.734 
267 117.744 
268 119.05 
269 120.413 
270 121.695 
271 123.124 
272 124.323 
273 125.672 
274 127.076 
275 128.47 
276 129.79 
277 131.302 
278 132.72 
279 133.934 
280 135.328 
281 136.775 
282 138.486 
283 139.786 
284 141.486 
285 142.824 
286 144.549 
287 145.891 
288 147.201 
289 149.084 
290 150.272 
291 151.626 
292 153.112 
293 154.763 
294 156.321 
295 157.873 
296 159.531 
297 161.312 
298 162.549 
299 164.2 
300 165.779 
301 167.712 
302 169.57 
303 170.932 
304 172.584 
305 174.103 
306 176.63 
307 178.718 
308 180.407 
309 181.779 
310 183.632 
311 186.272 
312 187.857 
313 188.264 
314 189.978 
315 192.154 
316 193.557 
317 195.471 
318 197.126 
319 199.029 
320 200.95 
321 202.94 
322 204.512 
323 206.292 
324 208.247 
325 210.203 
326 212.063 
327 213.963 
328 215.974 
329 217.96 
330 220.182 
331 222.204 
332 224.211 
333 226.562 
334 228.23 
335 229.806 
336 231.995 
337 234.112 
338 236.098 
339 238.539 
340 240.303 
341 242.84 
342 244.527 
343 247.087 
344 249.068 
345 250.95 
346 252.996 
347 255.517 
348 257.653 
349 259.85 
350 261.892 
351 264.441 
352 266.633 
353 268.723 
354 271.021 
355 273.079 
356 275.228 
357 278.1950000000001 
358 280.03 
359 282.356 
360 285.084 
361 287.142 
362 293.398 
363 293.923 
364 297.267 
365 298.481 
366 300.879 
367 304.679 
368 307.025 
369 310.27 
370 312.39 
371 314.357 
372 317.765 
373 320.506 
374 323.219 
375 326.458 
376 335.115 
377 328.181 
378 334.055 
379 333.193 
380 337.494 
381 342.508 
382 342.149 
383 343.184 
384 346.527 
385 349.837 
386 352.292 
387 354.511 
388 356.751 
389 359.861 
390 362.527 
391 366.058 
392 370.852 
393 371.033 
394 375.388 
395 376.536 
396 379.969 
397 382.406 
398 386.791 
399 388.014 
400 390.746 
401 394.596 
402 397.389 
403 398.733 
404 405.932 
405 412.437 
406 410.03 
407 412.154 
408 415.961 
409 418.446 
410 423.367 
411 424.088 
412 426.364 
413 428.793 
414 432.514 
415 436.715 
416 438.809 
417 442.987 
418 445.11 
419 448.38 
420 451.25 
421 455.244 
422 458.521 
423 461.613 
424 464.635 
425 469.994 
426 471.108 
427 474.833 
428 477.712 
429 480.585 
430 483.757 
431 486.871 
432 489.952 
433 493.727 
434 498.031 
435 500.93 
436 503.465 
437 506.102 
438 509.611 
439 518.5640000000001 
440 516.677 
441 520.327 
442 523.5300000000001 
443 527.2170000000001 
444 533.0989999999999 
445 535.362 
446 538.9880000000001 
447 543.981 
448 545.7149999999999 
449 555.163 
450 552.45 
451 555.747 
452 558.9739999999999 
453 562.543 
454 567.014 
455 569.761 
456 573.615 
457 577.573 
458 581.154 
459 584.921 
460 588.6559999999999 
461 592.4399999999999 
462 596.1180000000001 
463 599.8919999999999 
464 604.154 
465 607.831 
466 611.573 
467 615.467 
468 619.356 
469 623.581 
470 627.567 
471 631.561 
472 635.554 
473 639.571 
474 643.547 
475 647.6039999999999 
476 651.6899999999999 
477 655.829 
478 659.807 
479 663.963 
480 668.0169999999999 
481 672.5219999999999 
482 676.3710000000001 
483 680.629 
484 685.1800000000001 
485 689.367 
486 693.2669999999999 
487 697.515 
488 701.956 
489 705.979 
490 710.4880000000001 
491 715.3960000000001 
492 719.563 
493 722.9930000000001 
494 727.259 
495 733.404 
496 736.216 
497 741.385 
498 745.283 
499 749.275 
500 753.816 

random
0 0 
1 0.001 
2 0.006 
3 0.007 
4 0.009000000000000001 
5 0.013 
6 0.015 
7 0.019 
8 0.027 
9 0.032 
10 0.04 
11 0.048 
12 0.054 
13 0.062 
14 0.074 
15 0.08699999999999999 
16 0.104 
17 0.114 
18 0.126 
19 0.15 
20 0.167 
21 0.183 
22 0.211 
23 0.242 
24 0.259 
25 0.308 
26 0.327 
27 0.366 
28 0.397 
29 0.416 
30 0.437 
31 0.494 
32 0.526 
33 0.626 
34 0.628 
35 0.718 
36 0.798 
37 0.763 
38 0.838 
39 0.93 
40 0.971 
41 1.025 
42 1.124 
43 1.2 
44 1.235 
45 1.406 
46 1.385 
47 1.545 
48 1.677 
49 1.637 
50 1.777 
51 1.812 
52 2.037 
53 2.121 
54 2.312 
55 2.274 
56 2.514 
57 2.517 
58 2.764 
59 2.592 
60 2.844 
61 3.019 
62 3.264 
63 3.489 
64 3.735 
65 3.819 
66 3.801 
67 4.284 
68 4.335 
69 4.313 
70 4.56 
71 4.778 
72 4.924 
73 5.06 
74 5.249000000000001 
75 5.725 
76 5.691 
77 5.806999999999999 
78 6.3 
79 6.184 
80 7.056 
81 6.991 
82 7.154 
83 7.298999999999999 
84 8.106999999999999 
85 7.925 
86 8.469000000000001 
87 8.460000000000001 
88 8.654 
89 8.529999999999999 
90 9.537000000000001 
91 8.929 
92 9.874000000000001 
93 10.195 
94 10.953 
95 11.119 
96 11.433 
97 11.773 
98 12.092 
99 11.893 
100 12.576 
101 12.547 
102 13.751 
103 13.134 
104 13.926 
105 13.57 
106 15.323 
107 15.828 
108 15.866 
109 16.473 
110 17.238 
111 17.179 
112 17.422 
113 17.664 
114 18.23 
115 18.727 
116 19.595 
117 19.929 
118 20.912 
119 22.093 
120 20.961 
121 22.189 
122 22.205 
123 23.287 
124 23.099 
125 24.719 
126 24.337 
127 25.125 
128 26.615 
129 26.592 
130 26.959 
131 26.806 
132 27.858 
133 29.446 
134 28.121 
135 30.493 
136 30.432 
137 33.384 
138 33.296 
139 33.124 
140 33.549 
141 34.137 
142 34.61 
143 36.622 
144 36.741 
145 36.615 
146 38.214 
147 38.244 
148 36.613 
149 39.625 
150 40.893 
151 42.722 
152 41.955 
153 44.083 
154 43.443 
155 44.872 
156 48.139 
157 46.576 
158 46.715 
159 48.011 
160 49.57700000000001 
161 50.883 
162 51.538 
163 52.486 
164 52.286 
165 54.95 
166 54.962 
167 54.207 
168 58.17 
169 56.412 
170 58.64 
171 58.419 
172 60.205 
173 62.691 
174 62.76800000000001 
175 62.593 
176 66.286 
177 63.678 
178 68.66500000000001 
179 67.809 
180 68.744 
181 69.30200000000001 
182 73.503 
183 73.81699999999999 
184 76.97800000000001 
185 75.328 
186 75.52799999999999 
187 75.685 
188 78.32899999999999 
189 80.28399999999999 
190 80.78 
191 78.89500000000001 
192 81.58200000000001 
193 88.73699999999999 
194 86.45999999999999 
195 89.193 
196 87.90100000000001 
197 90.069 
198 91.646 
199 90.59 
200 95.033 
201 93.983 
202 98.22200000000001 
203 95.82599999999999 
204 97.47500000000001 
205 100.952 
206 101.716 
207 99.578 
208 106.921 
209 109.501 
210 110.17 
211 109.697 
212 111.776 
213 114.867 
214 114.548 
215 119.008 
216 117.492 
217 117.693 
218 120.762 
219 124.798 
220 121.624 
221 123.652 
222 128.576 
223 128.262 
224 134.231 
225 127.901 
226 139.782 
227 135.057 
228 138 
229 139.299 
230 144.356 
231 142.921 
232 141.147 
233 144.882 
234 150.9 
235 156.887 
236 158.415 
237 155.682 
238 158.016 
239 155.669 
240 158.647 
241 166.279 
242 168.34 
243 164.534 
244 164.148 
245 169.529 
246 174.133 
247 175.286 
248 173.914 
249 176.464 
250 173.689 
251 183.806 
252 178.159 
253 187.195 
254 197 
255 191.548 
256 195.006 
257 196.762 
258 199.618 
259 204.684 
260 208.348 
261 209.127 
262 212.202 
263 210.131 
264 212.268 
265 210.335 
266 212.525 
267 214.67 
268 219.381 
269 219.416 
270 227.586 
271 224.62 
272 226.467 
273 238.166 
274 242.387 
275 232.857 
276 247.694 
277 248.461 
278 243.229 
279 243.675 
280 249.834 
281 248.666 
282 257.149 
283 255.479 
284 258.712 
285 261.873 
286 266.488 
287 271.801 
288 274.405 
289 268.292 
290 278.815 
291 278.704 
292 288.147 
293 283.566 
294 291.901 
295 295.659 
296 294.6540000000001 
297 297.612 
298 301.847 
299 305.362 
300 306.758 
301 319.731 
302 309.2790000000001 
303 310.853 
304 322.166 
305 323.887 
306 326.5 
307 330.826 
308 345.425 
309 333.874 
310 336.144 
311 336.133 
312 351.057 
313 347.392 
314 349.981 
315 353.428 
316 358.82 
317 351.429 
318 363.823 
319 370.726 
320 373.635 
321 369.457 
322 387.267 
323 386.556 
324 388.071 
325 391.197 
326 393.239 
327 402.846 
328 397.437 
329 405.008 
330 399.198 
331 417.733 
332 408.953 
333 418.234 
334 422.086 
335 426.47 
336 426.142 
337 430.128 
338 428.782 
339 457.338 
340 436.847 
341 439.839 
342 458.603 
343 459.01 
344 468.343 
345 452.0410000000001 
346 457.844 
347 455.965 
348 474.551 
349 479.783 
350 487.512 
351 483.782 
352 492.993 
353 495.498 
354 494.055 
355 520.734 
356 520.673 
357 510.319 
358 521.9319999999999 
359 511.942 
360 536.74 
361 517.599 
362 528.6260000000001 
363 543.068 
364 540.123 
365 543.713 
366 555.577 
367 550.677 
368 547.52 
369 570.182 
370 579.807 
371 563.972 
372 588.0609999999999 
373 573.039 
374 581.211 
375 583.348 
376 581.9060000000001 
377 604.543 
378 602.776 
379 607.0100000000001 
380 616.425 
381 626.328 
382 614.48 
383 640.2529999999999 
384 616.61 
385 635.206 
386 621.8430000000001 
387 653.1510000000001 
388 667.766 
389 666.6410000000001 
390 667.3 
391 659.8739999999999 
392 667.6180000000001 
393 672.298 
394 686.074 
395 696.2669999999999 
396 710.7280000000001 
397 690.788 
398 706.086 
399 722.0269999999999 
400 724.073 
401 744.5500000000001 
402 730.717 
403 727.117 
404 737.745 
405 747.897 
406 749.379 
407 746.1379999999999 
408 765.907 
409 763.289 
410 778.304 
411 767.9 
412 789.106 
413 791.711 
414 795.886 
415 764.899 
416 798.397 
417 796.994 
418 824.473 
419 817.232 
420 820.575 
421 838.746 
422 838.7809999999999 
423 841.292 
424 841.999 
425 838.1579999999999 
426 864.7569999999999 
427 872.0890000000001 
428 860.508 
429 873.418 
430 898.163 
431 878.188 
432 887.934 
433 888.115 
434 930.224 
435 892.987 
436 926.333 
437 926.169 
438 945.057 
439 958.819 
440 932.645 
441 949.7379999999999 
442 957.1410000000001 
443 983.5 
444 974.617 
445 984.992 
446 981.241 
447 973.8149999999999 
448 988.76 
449 1000.297 
450 1021.856 
451 1035.523 
452 1006.497 
453 1025.549 
454 1035.129 
455 1044.548 
456 1063.771 
457 1045.698 
458 1075.921 
459 1061.451 
460 1068.486 
461 1066.607 
462 1103.012 
463 1067.238 
464 1086.546 
465 1112.402 
466 1109.577 
467 1120.36 
468 1146.578 
469 1127.82 
470 1147.886 
471 1145.46 
472 1171.558 
473 1200.476 
474 1176.436 
475 1174.043 
476 1168.687 
477 1194.024 
478 1225.556 
479 1197.083 
480 1245.011 
481 1238.651 
482 1214.275 
483 1250.397 
484 1263.551 
485 1238.462 
486 1267.686 
487 1286.98 
488 1275.861 
489 1291.149 
490 1291.029 
491 1287.762 
492 1305.72 
493 1328.815 
494 1312.499 
495 1288.09 
496 1359.863 
497 1376.642 
498 1383.156 
499 1376.499 
500 1414.813 

peor
0 0.001 
1 0 
2 0.009000000000000001 
3 0.009000000000000001 
4 0.009000000000000001 
5 0.013 
6 0.017 
7 0.021 
8 0.027 
9 0.033 
10 0.039 
11 0.047 
12 0.057 
13 0.068 
14 0.079 
15 0.091 
16 0.105 
17 0.12 
18 0.137 
19 0.156 
20 0.175 
21 0.197 
22 0.228 
23 0.244 
24 0.269 
25 0.297 
26 0.33 
27 0.363 
28 0.396 
29 0.435 
30 0.47 
31 0.514 
32 0.5519999999999999 
33 0.5950000000000001 
34 0.643 
35 0.696 
36 0.747 
37 0.8109999999999999 
38 0.875 
39 0.928 
40 0.987 
41 1.06 
42 1.132 
43 1.203 
44 1.277 
45 1.367 
46 1.436 
47 1.528 
48 1.617 
49 1.711 
50 1.84 
51 1.913 
52 2.012 
53 2.116 
54 2.24 
55 2.341 
56 2.468 
57 2.59 
58 2.717 
59 2.847 
60 2.985 
61 3.123 
62 3.284 
63 3.426 
64 3.569 
65 3.739 
66 3.893 
67 4.06 
68 4.222 
69 4.414000000000001 
70 4.583 
71 4.778 
72 4.967 
73 5.141 
74 5.361000000000001 
75 5.565 
76 5.767 
77 5.989000000000001 
78 6.191999999999999 
79 6.436 
80 6.649999999999999 
81 6.925 
82 7.161 
83 7.402 
84 7.683 
85 7.934 
86 8.210000000000001 
87 8.456999999999999 
88 8.741999999999999 
89 9.035 
90 9.325999999999999 
91 9.6 
92 9.917999999999999 
93 10.243 
94 10.519 
95 10.84 
96 11.176 
97 11.536 
98 11.89 
99 12.232 
100 12.565 
101 12.918 
102 13.291 
103 13.702 
104 14.057 
105 14.492 
106 14.903 
107 15.257 
108 15.662 
109 16.118 
110 16.527 
111 16.961 
112 17.415 
113 17.923 
114 18.341 
115 18.772 
116 19.298 
117 19.75 
118 20.285 
119 20.761 
120 21.254 
121 21.777 
122 22.287 
123 22.836 
124 23.386 
125 23.969 
126 24.476 
127 25.112 
128 25.675 
129 26.211 
130 26.773 
131 27.396 
132 28.021 
133 28.649 
134 29.242 
135 29.895 
136 30.591 
137 31.23 
138 31.833 
139 32.555 
140 33.266 
141 33.946 
142 34.594 
143 35.324 
144 36.143 
145 36.821 
146 37.495 
147 38.399 
148 39.131 
149 39.856 
150 40.742 
151 41.391 
152 42.365 
153 43.134 
154 43.94900000000001 
155 44.737 
156 45.485 
157 46.337 
158 47.245 
159 48.132 
160 49.642 
161 49.968 
162 50.861 
163 51.828 
164 52.856 
165 53.788 
166 54.58 
167 55.701 
168 56.594 
169 57.54 
170 58.564 
171 59.626 
172 60.605 
173 61.559 
174 62.681 
175 63.652 
176 64.873 
177 65.858 
178 66.96299999999999 
179 68.08799999999999 
180 69.187 
181 70.34400000000001 
182 71.55799999999999 
183 72.74600000000001 
184 73.822 
185 74.982 
186 76.19499999999999 
187 77.28100000000001 
188 78.492 
189 79.78399999999999 
190 80.96499999999999 
191 82.274 
192 83.52800000000001 
193 84.813 
194 86.215 
195 87.48699999999999 
196 88.756 
197 90.07600000000001 
198 91.40299999999999 
199 92.768 
200 94.095 
201 95.58500000000001 
202 96.94200000000001 
203 98.41800000000001 
204 99.85199999999999 
205 101.193 
206 102.741 
207 104.123 
208 105.725 
209 107.172 
210 108.657 
211 110.522 
212 111.952 
213 113.527 
214 114.981 
215 116.475 
216 118.139 
217 119.734 
218 121.384 
219 122.928 
220 124.537 
221 126.412 
222 128.126 
223 129.779 
224 131.348 
225 133.053 
226 134.884 
227 136.628 
228 138.365 
229 140.287 
230 141.939 
231 143.78 
232 145.615 
233 147.427 
234 149.442 
235 151.297 
236 153.295 
237 155.174 
238 157.242 
239 159.198 
240 161.151 
241 163.062 
242 165.462 
243 167.088 
244 169.204 
245 171.178 
246 173.334 
247 175.242 
248 177.458 
249 179.831 
250 181.77 
251 183.81 
252 185.943 
253 188.178 
254 190.297 
255 192.363 
256 194.644 
257 197.12 
258 199.335 
259 201.602 
260 203.988 
261 206.301 
262 208.717 
263 211.239 
264 213.108 
265 215.569 
266 217.982 
267 220.695 
268 223.085 
269 225.618 
270 227.83 
271 230.255 
272 232.9 
273 235.724 
274 238.304 
275 240.847 
276 243.583 
277 254.635 
278 248.972 
279 251.985 
280 253.994 
281 256.569 
282 259.022 
283 261.76 
284 264.553 
285 267.412 
286 270.574 
287 272.971 
288 275.656 
289 278.453 
290 281.362 
291 284.254 
292 287.144 
293 290.14 
294 293.206 
295 296.307 
296 299.31 
297 302.333 
298 305.297 
299 308.263 
300 311.482 
301 314.074 
302 317.271 
303 320.238 
304 323.594 
305 326.747 
306 329.881 
307 333.211 
308 336.711 
309 339.853 
310 343.192 
311 346.154 
312 349.67 
313 353.652 
314 356.2 
315 359.593 
316 363.576 
317 366.759 
318 370.208 
319 373.199 
320 376.627 
321 380.222 
322 384.171 
323 387.251 
324 390.689 
325 394.144 
326 397.857 
327 401.781 
328 405.273 
329 408.627 
330 412.31 
331 416.15 
332 420.171 
333 424.366 
334 427.8 
335 431.521 
336 435.481 
337 439.12 
338 442.848 
339 447.141 
340 450.982 
341 454.84 
342 458.612 
343 462.85 
344 467.152 
345 470.982 
346 474.889 
347 479.055 
348 482.93 
349 487.122 
350 491.075 
351 495.575 
352 499.513 
353 503.723 
354 507.9930000000001 
355 512.265 
356 516.918 
357 521.011 
358 525.104 
359 529.826 
360 534.001 
361 538.388 
362 542.648 
363 547.019 
364 551.6569999999999 
365 556.162 
366 560.806 
367 565.422 
368 569.886 
369 574.4200000000001 
370 579.17 
371 583.857 
372 588.485 
373 593.395 
374 598.187 
375 602.9369999999999 
376 607.847 
377 613.0640000000001 
378 617.351 
379 622.6420000000001 
380 626.957 
381 631.827 
382 636.9970000000001 
383 641.8770000000001 
384 646.722 
385 652.4250000000001 
386 656.675 
387 662.011 
388 666.676 
389 671.8389999999999 
390 676.922 
391 681.8969999999999 
392 687.6510000000001 
393 692.433 
394 697.5160000000001 
395 702.78 
396 708.11 
397 713.372 
398 718.7139999999999 
399 724.0790000000001 
400 729.585 
401 735.0700000000001 
402 740.691 
403 746.151 
404 751.8049999999999 
405 757.381 
406 762.698 
407 768.779 
408 774.0700000000001 
409 779.854 
410 785.1799999999999 
411 791.082 
412 796.597 
413 802.399 
414 808.389 
415 814.057 
416 820.064 
417 825.6099999999999 
418 831.7909999999999 
419 837.624 
420 843.351 
421 849.6700000000001 
422 855.3190000000001 
423 861.4810000000001 
424 867.403 
425 873.918 
426 879.697 
427 886.283 
428 892.0550000000001 
429 898.028 
430 904.614 
431 910.525 
432 917.2529999999999 
433 923.451 
434 930.2 
435 936.489 
436 943.09 
437 949.625 
438 956.138 
439 962.832 
440 968.895 
441 975.348 
442 981.592 
443 988.6669999999999 
444 994.872 
445 1001.721 
446 1008.212 
447 1015.282 
448 1021.825 
449 1028.688 
450 1035.315 
451 1042.179 
452 1049.195 
453 1056.107 
454 1063.225 
455 1070.47 
456 1077.752 
457 1084.211 
458 1091.163 
459 1098.34 
460 1105.834 
461 1112.639 
462 1119.682 
463 1126.946 
464 1134.219 
465 1141.471 
466 1148.724 
467 1156.267 
468 1163.492 
469 1171.219 
470 1178.276 
471 1186.274 
472 1193.435 
473 1201.3 
474 1209.08 
475 1216.109 
476 1223.444 
477 1231.617 
478 1239.262 
479 1247.503 
480 1255.023 
481 1262.871 
482 1270.143 
483 1278.501 
484 1286.336 
485 1294.408 
486 1301.808 
487 1310.282 
488 1317.949 
489 1326.313 
490 1333.75 
491 1341.843 
492 1349.842 
493 1358.39 
494 1365.998 
495 1374.573 
496 1382.659 
497 1391.45 
498 1399.62 
499 1408.274 
500 1416.588 

crec
0 0 
1 0.001 
2 0.007 
3 0.009000000000000001 
4 0.01 
5 0.014 
6 0.019 
7 0.024 
8 0.029 
9 0.038 
10 0.042 
11 0.049 
12 0.057 
13 0.068 
14 0.078 
15 0.08799999999999999 
16 0.101 
17 0.114 
18 0.126 
19 0.139 
20 0.157 
21 0.174 
22 0.191 
23 0.211 
24 0.23 
25 0.252 
26 0.273 
27 0.296 
28 0.321 
29 0.346 
30 0.373 
31 0.41 
32 0.4360000000000001 
33 0.469 
34 0.505 
35 0.5379999999999999 
36 0.574 
37 0.612 
38 0.657 
39 0.6920000000000001 
40 0.7380000000000001 
41 0.7829999999999999 
42 0.829 
43 0.88 
44 0.915 
45 0.969 
46 1.022 
47 1.086 
48 1.145 
49 1.209 
50 1.27 
51 1.323 
52 1.388 
53 1.462 
54 1.54 
55 1.62 
56 1.699 
57 1.77 
58 1.857 
59 1.912 
60 2.002 
61 2.1 
62 2.197 
63 2.263 
64 2.363 
65 2.477 
66 2.573 
67 2.684 
68 2.784 
69 2.863 
70 2.98 
71 3.117 
72 3.234 
73 3.348 
74 3.443 
75 3.575 
76 3.694 
77 3.858 
78 3.988 
79 4.094 
80 4.231999999999999 
81 4.417 
82 4.518999999999999 
83 4.709 
84 4.867 
85 4.984 
86 5.186999999999999 
87 5.359 
88 5.524 
89 5.696 
90 5.818000000000001 
91 6.05 
92 6.172000000000001 
93 6.413 
94 6.589 
95 6.786 
96 6.976999999999999 
97 7.177 
98 7.379 
99 7.581 
100 7.798 
101 8.007999999999999 
102 8.220999999999998 
103 8.444999999999999 
104 8.621 
105 8.909000000000001 
106 9.079000000000001 
107 9.329000000000001 
108 9.622 
109 9.801 
110 10.053 
111 10.377 
112 10.633 
113 10.833 
114 11.092 
115 11.436 
116 11.726 
117 12.005 
118 12.236 
119 12.602 
120 12.893 
121 13.195 
122 13.491 
123 13.727 
124 14.026 
125 14.344 
126 14.668 
127 14.992 
128 15.327 
129 15.751 
130 15.994 
131 16.436 
132 16.694 
133 17.042 
134 17.505 
135 17.778 
136 18.137 
137 18.519 
138 18.893 
139 19.279 
140 19.675 
141 20.076 
142 20.473 
143 20.875 
144 21.285 
145 21.823 
146 22.235 
147 22.68 
148 23.127 
149 23.45 
150 23.912 
151 24.506 
152 24.939 
153 25.294 
154 25.883 
155 26.283 
156 26.715 
157 27.211 
158 27.829 
159 28.187 
160 28.827 
161 29.194 
162 29.851 
163 30.38 
164 30.898 
165 31.438 
166 31.828 
167 32.372 
168 32.919 
169 33.633 
170 34.188 
171 34.601 
172 35.192 
173 35.939 
174 36.387 
175 36.954 
176 37.577 
177 38.159 
178 38.816 
179 39.595 
180 40.242 
181 40.689 
182 41.347 
183 42.2 
184 42.674 
185 43.516 
186 43.994 
187 44.672 
188 45.365 
189 46.079 
190 46.798 
191 47.499 
192 48.181 
193 48.899 
194 49.613 
195 50.335 
196 51.073 
197 51.853 
198 52.572 
199 53.32 
200 54.094 
201 54.872 
202 55.634 
203 56.425 
204 57.232 
205 58.055 
206 58.835 
207 59.712 
208 60.64 
209 61.558 
210 62.149 
211 63.029 
212 64.13199999999999 
213 64.91900000000001 
214 65.87700000000001 
215 66.869 
216 67.593 
217 68.425 
218 69.282 
219 70.18900000000001 
220 71.15299999999999 
221 72.08199999999999 
222 73.03999999999999 
223 73.941 
224 74.902 
225 75.82600000000001 
226 76.84699999999999 
227 78.089 
228 79.03999999999999 
229 79.848 
230 80.821 
231 81.791 
232 82.82599999999999 
233 84.111 
234 85.09999999999999 
235 86.139 
236 87.253 
237 88.34699999999999 
238 89.107 
239 90.16499999999999 
240 91.229 
241 92.39100000000001 
242 93.47500000000001 
243 94.68899999999999 
244 95.75999999999999 
245 96.898 
246 98.09 
247 99.36799999999999 
248 100.477 
249 101.616 
250 102.765 
251 103.959 
252 105.191 
253 106.421 
254 107.559 
255 108.844 
256 110.112 
257 111.267 
258 112.581 
259 113.85 
260 115.064 
261 116.395 
262 117.622 
263 118.931 
264 120.28 
265 121.571 
266 122.9 
267 124.268 
268 125.608 
269 127.478 
270 128.338 
271 130.281 
272 131.635 
273 133.009 
274 133.933 
275 135.375 
276 136.791 
277 138.315 
278 139.808 
279 141.264 
280 142.781 
281 144.334 
282 145.738 
283 147.222 
284 148.742 
285 150.241 
286 151.762 
287 153.347 
288 154.832 
289 156.459 
290 158.058 
291 159.958 
292 161.218 
293 162.819 
294 164.566 
295 166.157 
296 167.797 
297 169.295 
298 171.112 
299 172.772 
300 174.287 
301 175.986 
302 177.798 
303 179.674 
304 181.242 
305 182.915 
306 184.713 
307 186.444 
308 188.238 
309 190.135 
310 192.065 
311 193.774 
312 195.659 
313 197.515 
314 199.427 
315 201.122 
316 203.003 
317 204.897 
318 207.106 
319 208.7 
320 210.512 
321 212.453 
322 214.458 
323 216.299 
324 218.285 
325 220.288 
326 222.31 
327 224.309 
328 226.276 
329 228.252 
330 230.199 
331 232.218 
332 234.371 
333 236.338 
334 238.35 
335 240.494 
336 242.507 
337 244.726 
338 246.711 
339 249.118 
340 251.304 
341 253.561 
342 255.633 
343 257.804 
344 260.096 
345 262.214 
346 264.407 
347 266.645 
348 268.994 
349 271.241 
350 273.434 
351 275.699 
352 277.831 
353 280.157 
354 282.649 
355 285.018 
356 287.294 
357 289.479 
358 291.8 
359 294.21 
360 296.632 
361 299.038 
362 301.38 
363 303.78 
364 306.386 
365 308.929 
366 311.249 
367 314.154 
368 316.212 
369 319.066 
370 321.358 
371 324.331 
372 326.514 
373 329.296 
374 331.792 
375 334.478 
376 337.183 
377 340.123 
378 342.336 
379 344.856 
380 347.933 
381 350.469 
382 353.277 
383 355.951 
384 358.57 
385 361.087 
386 363.827 
387 366.605 
388 369.423 
389 372.267 
390 374.971 
391 377.71 
392 380.539 
393 383.371 
394 386.427 
395 389.417 
396 392.051 
397 394.818 
398 397.697 
399 400.958 
400 404.06 
401 406.805 
402 409.813 
403 413.024 
404 415.903 
405 418.998 
406 421.967 
407 425.124 
408 428.408 
409 431.388 
410 434.336 
411 437.35 
412 440.423 
413 443.631 
414 446.749 
415 450.113 
416 453.137 
417 456.375 
418 459.52 
419 462.698 
420 466.209 
421 469.298 
422 472.457 
423 475.767 
424 479.427 
425 482.417 
426 485.611 
427 489.4 
428 492.382 
429 495.718 
430 499.172 
431 502.586 
432 506.0050000000001 
433 509.5530000000001 
434 513.242 
435 516.556 
436 519.873 
437 523.5119999999999 
438 527.1940000000001 
439 530.713 
440 534.5119999999999 
441 537.804 
442 541.2529999999999 
443 544.77 
444 548.6950000000001 
445 552.087 
446 555.63 
447 559.374 
448 562.962 
449 566.506 
450 570.264 
451 574.154 
452 577.799 
453 581.727 
454 585.26 
455 589.093 
456 592.854 
457 596.776 
458 600.635 
459 604.2389999999999 
460 608.2109999999999 
461 612.127 
462 616.2149999999999 
463 620.0599999999999 
464 623.853 
465 627.6420000000001 
466 631.557 
467 635.534 
468 639.692 
469 643.987 
470 648.479 
471 652.657 
472 656.449 
473 660.4590000000001 
474 664.612 
475 668.923 
476 673.155 
477 676.962 
478 681.367 
479 685.855 
480 689.9490000000001 
481 694.75 
482 698.371 
483 702.365 
484 706.215 
485 710.836 
486 714.934 
487 719.3100000000001 
488 724.13 
489 728.617 
490 732.884 
491 737.402 
492 741.239 
493 745.796 
494 750.2410000000001 
495 754.6 
496 758.926 
497 763.561 
498 768.294 
499 772.455 
500 777.5450000000001 

decrec
00 0.001 
01 0 
-12 0.008 
-13 0.009000000000000001 
-14 0.012 
-15 0.016 
-16 0.02 
-17 0.024 
-18 0.029 
-19 0.035 
-110 0.042 
-111 0.05 
-112 0.058 
-113 0.066 
-114 0.074 
-115 0.08600000000000001 
-116 0.097 
-117 0.106 
-118 0.122 
-119 0.135 
-120 0.149 
-121 0.163 
-122 0.181 
-123 0.198 
-124 0.218 
-125 0.241 
-126 0.264 
-127 0.285 
-128 0.306 
-129 0.339 
-130 0.356 
-131 0.384 
-132 0.413 
-133 0.448 
-134 0.482 
-135 0.515 
-136 0.5509999999999999 
-137 0.596 
-138 0.624 
-139 0.666 
-140 0.707 
-141 0.75 
-142 0.796 
-143 0.846 
-144 0.877 
-145 0.9409999999999999 
-146 0.9909999999999999 
-147 1.046 
-148 1.101 
-149 1.159 
-150 1.223 
-151 1.286 
-152 1.35 
-153 1.424 
-154 1.484 
-155 1.543 
-156 1.637 
-157 1.703 
-158 1.789 
-159 1.862 
-160 1.949 
-161 2.03 
-162 2.122 
-163 2.204 
-164 2.304 
-165 2.389 
-166 2.495 
-167 2.59 
-168 2.691 
-169 2.8 
-170 2.905 
-171 3.013 
-172 3.13 
-173 3.249 
-174 3.363 
-175 3.484 
-176 3.61 
-177 3.702 
-178 3.869 
-179 4.001 
-180 4.137 
-181 4.282 
-182 4.420999999999999 
-183 4.566 
-184 4.720000000000001 
-185 4.872999999999999 
-186 5.045 
-187 5.201 
-188 5.325 
-189 5.495 
-190 5.657 
-191 5.879 
-192 6.047000000000001 
-193 6.235 
-194 6.417 
-195 6.566 
-196 6.8 
-197 6.933 
-198 7.19 
-199 7.331 
-1100 7.535 
-1101 7.79 
-1102 8.009 
-1103 8.238000000000001 
-1104 8.395 
-1105 8.677000000000001 
-1106 8.859 
-1107 9.141 
-1108 9.381 
-1109 9.618 
-1110 9.875999999999999 
-1111 10.123 
-1112 10.311 
-1113 10.572 
-1114 10.832 
-1115 11.084 
-1116 11.456 
-1117 11.654 
-1118 12.025 
-1119 12.307 
-1120 12.518 
-1121 12.884 
-1122 13.099 
-1123 13.481 
-1124 13.786 
-1125 14.097 
-1126 14.419 
-1127 14.743 
-1128 15.064 
-1129 15.389 
-1130 15.642 
-1131 15.977 
-1132 16.418 
-1133 16.764 
-1134 17.03 
-1135 17.38 
-1136 17.745 
-1137 18.129 
-1138 18.603 
-1139 18.874 
-1140 19.26 
-1141 19.757 
-1142 20.155 
-1143 20.557 
-1144 20.996 
-1145 21.327 
-1146 21.79 
-1147 22.225 
-1148 22.553 
-1149 23.116 
-1150 23.563 
-1151 23.956 
-1152 24.5 
-1153 24.921 
-1154 25.423 
-1155 25.866 
-1156 26.307 
-1157 26.809 
-1158 27.211 
-1159 27.797 
-1160 28.224 
-1161 28.823 
-1162 29.205 
-1163 29.865 
-1164 30.238 
-1165 30.871 
-1166 31.294 
-1167 31.818 
-1168 32.408 
-1169 32.94600000000001 
-1170 33.493 
-1171 34.035 
-1172 34.636 
-1173 35.201 
-1174 35.773 
-1175 36.36799999999999 
-1176 36.966 
-1177 37.556 
-1178 38.20500000000001 
-1179 38.91399999999999 
-1180 39.398 
-1181 40.16200000000001 
-1182 40.727 
-1183 41.52200000000001 
-1184 42.23 
-1185 42.681 
-1186 43.346 
-1187 44.025 
-1188 44.771 
-1189 45.364 
-1190 46.048 
-1191 46.735 
-1192 47.415 
-1193 48.133 
-1194 48.837 
-1195 49.73 
-1196 50.636 
-1197 51.332 
-1198 52.13 
-1199 52.757 
-1200 53.373 
-1201 54.118 
-1202 54.83600000000001 
-1203 55.63 
-1204 56.37 
-1205 57.16 
-1206 57.962 
-1207 58.768 
-1208 59.632 
-1209 60.45 
-1210 61.361 
-1211 62.178 
-1212 63.063 
-1213 63.93 
-1214 64.84399999999999 
-1215 65.74299999999999 
-1216 66.62400000000001 
-1217 67.511 
-1218 68.39399999999999 
-1219 69.309 
-1220 70.21900000000001 
-1221 71.13600000000001 
-1222 72.081 
-1223 73.01100000000001 
-1224 73.90900000000001 
-1225 74.884 
-1226 75.88200000000001 
-1227 76.73399999999999 
-1228 77.70399999999999 
-1229 78.74000000000001 
-1230 79.729 
-1231 80.697 
-1232 81.714 
-1233 82.735 
-1234 83.75700000000001 
-1235 84.79100000000001 
-1236 85.83799999999999 
-1237 86.87400000000001 
-1238 87.94499999999999 
-1239 89.012 
-1240 90.105 
-1241 91.17500000000001 
-1242 92.279 
-1243 93.376 
-1244 94.521 
-1245 95.702 
-1246 96.86699999999999 
-1247 98.03399999999999 
-1248 99.18100000000001 
-1249 100.327 
-1250 101.52 
-1251 102.688 
-1252 103.869 
-1253 105.06 
-1254 106.272 
-1255 107.491 
-1256 108.754 
-1257 109.939 
-1258 111.168 
-1259 112.513 
-1260 113.718 
-1261 114.96 
-1262 116.23 
-1263 117.525 
-1264 118.857 
-1265 120.122 
-1266 121.455 
-1267 122.78 
-1268 124.131 
-1269 125.46 
-1270 126.847 
-1271 128.195 
-1272 129.584 
-1273 130.949 
-1274 132.353 
-1275 133.813 
-1276 135.257 
-1277 136.694 
-1278 138.198 
-1279 139.733 
-1280 141.111 
-1281 142.586 
-1282 144.125 
-1283 145.568 
-1284 147.03 
-1285 148.55 
-1286 150.211 
-1287 151.683 
-1288 153.193 
-1289 154.768 
-1290 156.286 
-1291 157.946 
-1292 159.553 
-1293 161.005 
-1294 162.579 
-1295 164.202 
-1296 165.84 
-1297 167.464 
-1298 169.139 
-1299 170.879 
-1300 172.435 
-1301 174.172 
-1302 175.801 
-1303 177.473 
-1304 179.21 
-1305 180.904 
-1306 182.66 
-1307 184.468 
-1308 186.221 
-1309 188.384 
-1310 190.075 
-1311 191.766 
-1312 193.564 
-1313 195.458 
-1314 197.16 
-1315 198.981 
-1316 200.861 
-1317 202.644 
-1318 212.334 
-1319 206.492 
-1320 208.404 
-1321 210.233 
-1322 212.188 
-1323 214.045 
-1324 215.952 
-1325 217.884 
-1326 219.86 
-1327 221.846 
-1328 223.848 
-1329 225.839 
-1330 227.782 
-1331 229.879 
-1332 231.94 
-1333 233.928 
-1334 235.923 
-1335 237.993 
-1336 240.102 
-1337 242.19 
-1338 244.279 
-1339 246.372 
-1340 248.57 
-1341 251.023 
-1342 253.042 
-1343 255.25 
-1344 257.408 
-1345 259.602 
-1346 261.903 
-1347 264.003 
-1348 266.281 
-1349 268.466 
-1350 270.757 
-1351 273.007 
-1352 275.271 
-1353 277.574 
-1354 279.83 
-1355 282.161 
-1356 284.624 
-1357 286.814 
-1358 289.195 
-1359 291.566 
-1360 293.925 
-1361 296.304 
-1362 298.729 
-1363 301.086 
-1364 303.476 
-1365 305.974 
-1366 308.437 
-1367 310.862 
-1368 313.396 
-1369 315.857 
-1370 318.4 
-1371 320.943 
-1372 323.516 
-1373 326.115 
-1374 328.782 
-1375 331.426 
-1376 334.116 
-1377 336.594 
-1378 339.271 
-1379 341.887 
-1380 344.523 
-1381 347.115 
-1382 349.818 
-1383 352.53 
-1384 355.226 
-1385 357.95 
-1386 360.642 
-1387 363.412 
-1388 366.116 
-1389 368.934 
-1390 371.661 
-1391 374.429 
-1392 377.29 
-1393 380.069 
-1394 382.924 
-1395 385.751 
-1396 388.624 
-1397 391.447 
-1398 394.367 
-1399 397.293 
-1400 400.271 
-1401 403.123 
-1402 406.146 
-1403 409.053 
-1404 412.113 
-1405 415.218 
-1406 418.313 
-1407 421.437 
-1408 424.451 
-1409 427.49 
-1410 430.639 
-1411 433.694 
-1412 436.773 
-1413 439.877 
-1414 443.051 
-1415 446.15 
-1416 449.283 
-1417 452.473 
-1418 455.67 
-1419 458.844 
-1420 462.136 
-1421 465.245 
-1422 468.489 
-1423 471.727 
-1424 475.002 
-1425 478.414 
-1426 481.618 
-1427 484.952 
-1428 488.313 
-1429 491.618 
-1430 495.002 
-1431 498.397 
-1432 501.807 
-1433 505.208 
-1434 508.621 
-1435 512.184 
-1436 515.6129999999999 
-1437 519.302 
-1438 522.835 
-1439 526.401 
-1440 530.011 
-1441 533.51 
-1442 537.116 
-1443 540.664 
-1444 544.269 
-1445 547.794 
-1446 551.412 
-1447 555.071 
-1448 558.766 
-1449 562.33 
-1450 566.053 
-1451 569.746 
-1452 573.518 
-1453 577.1129999999999 
-1454 580.877 
-1455 584.601 
-1456 588.4150000000001 
-1457 592.1950000000001 
-1458 596.087 
-1459 599.8480000000001 
-1460 603.718 
-1461 607.5350000000001 
-1462 611.424 
-1463 615.3610000000001 
-1464 619.297 
-1465 623.145 
-1466 627.1 
-1467 631.0360000000001 
-1468 635.2860000000001 
-1469 639.304 
-1470 643.443 
-1471 647.561 
-1472 651.6039999999999 
-1473 655.62 
-1474 659.792 
-1475 663.849 
-1476 667.989 
-1477 672.107 
-1478 676.376 
-1479 680.4820000000001 
-1480 684.592 
-1481 688.784 
-1482 692.9 
-1483 697.203 
-1484 701.4590000000001 
-1485 705.705 
-1486 710.004 
-1487 714.2089999999999 
-1488 718.6609999999999 
-1489 722.804 
-1490 727.216 
-1491 731.568 
-1492 736.159 
-1493 740.444 
-1494 745.255 
-1495 750.1849999999999 
-1496 754.274 
-1497 758.6070000000001 
-1498 763.048 
-1499 767.505 
-1500 772.002 
