26
complete graph:
0
1
15
43
103
237
507
920
1473
3221
7070
15609
33997
73445
160753
371056
805688
1718354
3627926
7740535
16425306
35170863
74381849
156657930
327580186
689507577
path graph: 
0
1
15
45
82
170
359
522
975
2047
4419
9174
19681
41180
88104
208540
443544
913424
1913452
3990693
8347183
17272876
36113959
74666814
154159999
319922433
bipartite graph: 
0
0
7
19
44
96
203
433
934
1978
4244
8991
19488
41022
87070
206511
435756
907295
1904461
3904129
8254006
17062953
35937654
74418595
154560095
318755950
star graph: 
0
1
9
22
49
103
216
456
980
2074
4440
9418
20328
42793
90751
211485
450502
944003
1982333
4098168
8606833
17827396
37442270
77421749
159865041
331890236
