complete graph:
tamaño: 5
2
0
0
0
0
0
0
0
0
0
tamaño: 10
2
2
2
2
1
2
1
1
1
1
tamaño: 15
20
17
16
16
15
15
15
15
15
15
tamaño: 20
44
43
43
43
43
43
43
43
43
43
tamaño: 25
106
103
103
103
103
103
103
103
103
103
tamaño: 30
231
228
290
229
229
228
228
249
230
230
tamaño: 35
507
503
503
504
521
504
520
503
503
503
tamaño: 40
1110
1150
1102
1100
1101
1006
660
660
660
660
tamaño: 45
1530
1460
1458
1467
1458
1471
1470
1467
1480
1471
tamaño: 50
3267
3219
3211
3213
3216
3228
3213
3209
3216
3221
tamaño: 55
7117
7067
7056
7066
7051
7082
7028
7101
7048
7085
tamaño: 60
15540
15580
15544
16206
15561
15563
15507
15509
15559
15528
tamaño: 65
33745
33896
33943
34126
34086
34080
34164
33968
33959
34011
tamaño: 70
73752
73423
74191
73490
73172
73266
73349
73396
73170
73248
tamaño: 75
160779
160094
161649
160870
159593
161833
161981
159019
160006
161711
tamaño: 80
368918
369335
371021
374030
371210
368739
372150
372017
369708
373439
tamaño: 85
806017
800914
805796
801164
803771
811587
807531
808642
801174
810292
tamaño: 90
1702432
1716695
1723488
1715374
1720868
1720149
1723719
1718257
1720838
1721722
tamaño: 95
3610398
3638148
3636357
3619213
3614118
3621496
3630652
3638858
3635741
3634279
tamaño: 100
7725569
7742190
7734924
7729426
7762402
7752050
7738794
7735798
7733386
7750811
tamaño: 105
16653905
16389054
16394246
16407120
16377439
16396245
16419716
16393417
16418750
16403171
tamaño: 110
35182786
35173188
35102354
35193230
35229810
35107370
35161208
35253106
35147321
35158262
tamaño: 115
74310689
74360926
74382716
74362714
74447780
74418088
74334540
74321190
74503344
74376506
tamaño: 120
158327723
156468550
156814623
156811859
156741260
156350851
156203212
156228582
156286234
156346413
tamaño: 125
327198144
327892792
327687529
327377437
327747305
327774561
327900014
327432572
327395943
327395570
tamaño: 130
689599935
690136576
689724419
689853837
690078992
689121645
689258229
689094835
689293858
688913445
path graph: 
tamaño: 5
2
0
0
0
0
0
0
0
0
0
tamaño: 10
2
2
2
1
1
1
1
1
1
1
tamaño: 15
21
16
16
15
15
15
15
15
15
15
tamaño: 20
37
36
36
36
126
37
37
37
37
37
tamaño: 25
84
83
82
82
82
82
82
82
82
82
tamaño: 30
173
170
170
170
170
170
170
170
170
170
tamaño: 35
361
357
376
356
356
357
357
356
357
357
tamaño: 40
758
784
525
451
452
451
452
451
452
451
tamaño: 45
1007
967
967
967
981
968
969
968
995
970
tamaño: 50
2056
2061
2044
2060
2044
2064
2041
2059
2053
1992
tamaño: 55
4287
4282
4545
4438
4478
4691
4353
4368
4363
4389
tamaño: 60
9369
9315
9285
9272
9165
9071
9080
9076
9051
9061
tamaño: 65
20441
19604
19594
19578
19592
19644
19594
19588
19564
19615
tamaño: 70
41243
41234
41331
41179
41179
41243
41084
41139
41080
41089
tamaño: 75
87385
88664
87924
87299
88567
87608
87490
88267
88483
89362
tamaño: 80
210382
210332
208535
209819
210567
210196
206223
210521
204319
204511
tamaño: 85
439068
444749
445716
444498
441728
438995
439863
445416
446170
449242
tamaño: 90
909538
909683
932138
914784
914903
898435
919760
914674
912491
907843
tamaño: 95
1903894
1935970
1906492
1928426
1901818
1926570
1884693
1935552
1878286
1932826
tamaño: 100
3957401
4002015
3996758
3977115
3997761
3929914
4031788
4021538
4029134
3963515
tamaño: 105
8442480
8402383
8223640
8366576
8357527
8308670
8363479
8288101
8379981
8338996
tamaño: 110
17229286
17438553
17350959
17226925
17241803
17360394
17211234
17264745
17127465
17277397
tamaño: 115
36272243
35988071
36349908
35922752
36283412
35992446
36321783
35873302
36285503
35850173
tamaño: 120
74809167
74592338
74871807
74733543
74518717
74958421
74895419
74756932
74290538
74241260
tamaño: 125
155455733
154565740
153535800
153184534
153373812
155006506
153384235
154941312
153235548
154916775
tamaño: 130
319497577
321619357
319981967
318437978
320995496
322451650
317409023
320962886
316611793
321256611
bipartite graph: 
tamaño: 5
0
0
0
0
0
0
0
0
0
0
tamaño: 10
0
0
0
0
0
0
0
0
0
0
tamaño: 15
8
7
7
7
7
7
7
7
7
7
tamaño: 20
20
19
19
19
19
19
19
19
19
19
tamaño: 25
46
45
45
45
44
44
45
45
45
44
tamaño: 30
100
96
96
96
96
96
96
96
96
96
tamaño: 35
205
204
204
203
203
204
204
203
203
204
tamaño: 40
435
432
439
432
433
433
433
432
433
432
tamaño: 45
937
933
933
932
936
934
934
933
934
939
tamaño: 50
1986
1979
1976
1978
1976
1981
1975
1979
1976
1978
tamaño: 55
4248
4257
4257
4229
4228
4256
4259
4229
4228
4258
tamaño: 60
9037
8993
8977
8976
8997
8992
8972
8980
9001
8990
tamaño: 65
19357
19494
19483
19515
19506
19523
19534
19496
19494
19479
tamaño: 70
41022
40976
40872
41084
40820
41092
41172
41114
41113
40962
tamaño: 75
86597
86955
87338
87107
87055
87020
87289
87210
87139
86992
tamaño: 80
205955
205764
207890
207762
205666
205915
206675
207482
206077
205933
tamaño: 85
435272
436739
435887
436299
436345
434834
434852
433651
436638
437048
tamaño: 90
900615
917222
908093
907975
905042
907365
907832
907219
905877
905718
tamaño: 95
1909305
1906242
1902127
1909876
1903726
1904596
1903331
1901811
1899143
1904456
tamaño: 100
3881192
3845853
3906004
3931047
3904373
3916995
3915025
3915604
3909478
3915721
tamaño: 105
8185369
8276719
8253544
8271008
8238083
8254498
8264876
8261498
8253773
8280701
tamaño: 110
17000061
16866079
17119092
17115577
17108259
17089232
17023035
17090020
17120227
17097954
tamaño: 115
35872107
35857274
35913061
35919303
36007445
35936855
35994702
35896714
35893615
36085472
tamaño: 120
73705686
74647224
74582516
74164134
74865186
74712108
74096536
74794018
74590913
74027636
tamaño: 125
153496228
154615718
154749192
154649956
154589520
154699191
154696708
154828859
154619802
154655785
tamaño: 130
317563807
318872083
318870071
318855054
318912530
318845506
319121204
318810724
318889496
318819033
star graph: 
tamaño: 5
grafo estrella si creado
1
0
0
0
0
0
0
0
0
0
tamaño: 10
grafo estrella si creado
1
1
1
1
1
1
1
1
1
1
tamaño: 15
grafo estrella si creado
11
10
9
9
9
9
9
9
9
9
tamaño: 20
grafo estrella si creado
24
22
22
22
22
22
22
22
22
22
tamaño: 25
grafo estrella si creado
51
50
49
49
49
49
49
49
49
49
tamaño: 30
grafo estrella si creado
105
103
103
103
103
103
110
103
103
103
tamaño: 35
grafo estrella si creado
218
216
216
216
216
216
217
216
216
217
tamaño: 40
grafo estrella si creado
458
456
456
458
456
455
456
455
456
455
tamaño: 45
grafo estrella si creado
985
980
979
978
984
980
980
979
980
983
tamaño: 50
grafo estrella si creado
2081
2075
2072
2076
2071
2075
2071
2074
2071
2076
tamaño: 55
grafo estrella si creado
4445
4456
4434
4417
4426
4461
4455
4428
4427
4455
tamaño: 60
grafo estrella si creado
9448
9426
9419
9412
9426
9419
9414
9392
9415
9416
tamaño: 65
grafo estrella si creado
20245
20416
20411
20354
20323
20334
20264
20307
20292
20335
tamaño: 70
grafo estrella si creado
42864
42890
42505
42945
42811
42906
42696
42888
42581
42845
tamaño: 75
grafo estrella si creado
90186
91201
90956
90799
90579
90479
91010
91402
90142
90760
tamaño: 80
grafo estrella si creado
214760
211356
211326
206541
211366
210205
211088
217175
209346
211688
tamaño: 85
grafo estrella si creado
453684
443121
454557
448336
457140
448978
439144
455836
453844
450382
tamaño: 90
grafo estrella si creado
951109
937930
941362
923881
950888
953708
945163
949824
932549
953617
tamaño: 95
grafo estrella si creado
1988594
1974872
1988349
1989201
1995201
1990632
1992940
1994990
1966235
1942317
tamaño: 100
grafo estrella si creado
4119761
4136985
4100662
4121482
4085392
4068576
4043029
4098372
4113637
4093786
tamaño: 105
grafo estrella si creado
8746365
8658651
8595815
8584773
8541776
8522495
8571667
8633012
8564331
8649452
tamaño: 110
grafo estrella si creado
17883418
17803906
17771188
17918505
17723830
17828097
17883249
17868792
17791752
17801231
tamaño: 115
grafo estrella si creado
37500966
37549323
37366612
37513339
37214829
37556831
37102415
37656908
37338970
37622515
tamaño: 120
grafo estrella si creado
77756003
77263994
76712276
77216716
77875620
77152980
77860105
77238810
77578839
77562149
tamaño: 125
grafo estrella si creado
160995376
160067158
159643650
160253220
159419742
161472813
158595595
159143001
160144461
158915402
tamaño: 130
grafo estrella si creado
330197190
329926044
332853794
331770552
331720728
333185896
333269122
332360242
332800401
330818400
