1 1097
6 1776
11 1985
16 2254
21 2474
26 2710
31 2815
36 2955
41 3076
46 3138
51 3239
56 3327
61 3357
66 3405
71 4412
76 3500
81 3511
86 3666
91 3702
96 3761
101 3740
106 3783
111 3847
116 3869
121 3900
126 3925
131 3929
136 3978
141 3980
146 4052
151 4071
156 4124
161 4150
166 4175
171 4176
176 4206
181 4318
186 4539
191 4585
196 5187
201 5062
206 4441
211 4445
216 4452
221 4418
226 4423
231 4490
236 4420
241 4580
246 4600
251 4655
256 4663
261 4628
266 4569
271 4651
276 4781
281 4780
286 4630
291 4650
296 4694
301 5460
306 5133
311 4638
316 4833
321 4843
326 4885
331 4966
336 4818
341 4931
346 4929
351 5190
356 5158
361 4949
366 4871
371 5187
376 5178
381 5070
386 5135
391 5140
396 5039
401 5044
406 5217
411 5175
416 5124
421 5084
426 5028
431 5120
436 5118
441 5140
446 5259
451 5295
456 5131
461 5092
466 5211
471 5209
476 5224
481 5166
486 5131
491 5095
496 5089
