# N Completo Minimo Random
3 0.011   0.004   0.004
4 0.024   0.006   0.006
5 0.034   0.008   0.01
6 0.051   0.01    0.013
7 0.072   0.013   0.022
8 0.113   0.016   0.026
9 0.131   0.02    0.037
10 0      0.023   0.044
11 0      0.027   0.067
12 0      0.031   0.09
13 0      0.037   0.098
14 0      0.042   0.118
15 0      0.047   0.166
16 0      0.053   0.168
17 0      0.06    0.22
18 0      0.066   0.251
19 0      0.072   0.313
20 0      0.081   0.357
21 0      0.086   0.415
22 1      0.095   0.467
23 1      0.104   0.517
24 1      0.114   0.603
25 1      0.119   0.675
26 1      0.131   0.798
27 1      0.14    0.874
28 2      0.153   0.954
29 2      0.161   1.085
30 2      0.171   1.179
31 2      0.187   1.223
32 3      0.197   1.559
33 3      0.204   1.662
34 3      0.216   1.5
35 4      0.232   1.96
36 4      0.244   1.835
37 4      0.255   2.13
38 5      0.269   2.198
39 5      0.285   2.358
40 6      0.3     2.351
41 6      0.311   2.887
42 6      0.33    2.953
43 7      0.344   3.346
44 8      0.359   3.469
45 8      0.382   3.642
46 9      0.398   4.73
47 9      0.433   5.084
48 10     0.421   4.612
49 11     0.445   5.088
50 12     0.453   5.246
51 12     0.481   6.474
52 13     0.5     5.489
53 14     0.511   5.724
54 15     0.537   6.954
55 17     0.55    7.624
56 18     0.568   8.555
57 19     0.585   8.445
58 19     0.614   7.067
59 20     0.63    9.438
60 21     0.655   10.792
61 22     0.667   10.211
62 23     0.686   10.592
63 24     0.719   9.874
64 26     0.739   10.311
65 27     0.764   11.004
66 28     0.789   12.528
67 29     0.796   12.13
68 31     0.838   12.657
69 32     0.853   12.88
70 34     0.879   14.931
71 35     0.903   12.339
72 37     0.924   14.788
73 38     0.951   16.151
74 40     0.977   16.296
75 42     1.012   16.845
76 43     1.036   19.448
77 45     1.058   19.837
78 47     1.088   21.796
79 49     1.105   24.806
80 51     1.142   25.658
81 53     1.195   23.378
82 55     1.248   23.257
83 57     1.269   22.804
84 59     1.243   23.402
85 61     1.264   32.777
86 63     1.316   22.162
87 66     1.349   28.279
88 68     1.37    32.058
89 70     1.426   34.05
90 73     1.436   27.183
91 75     1.477   36.501
92 78     1.515   29.398
93 81     1.549   34.863
94 83     1.594   35.879
95 86     1.616   35.927
96 88     1.615   36.719
97 91     1.678   38.925
98 94     1.723   41.78
99 97     1.74    42.08
100 100    1.764   42.095
101 103    1.789   44.552
102 106    1.868   41.099
103 109    1.846   47.273
104 114    1.937   52.52
105 118    1.954   52.491
106 122    2.091   47.787
107 124    2.072   51.687
108 126    2.06    57.664
109 130    2.115   51.809
110 133    2.138   54.895
111 137    2.15    46.543
112 141    2.196   66.935
113 144    2.202   66.632
114 148    2.273   61.749
115 152    2.342   68.309
116 156    2.391   66.021
117 160    2.395   69.013
118 167    2.434   70.504
119 171    2.518   88.113
120 173    2.496   78.669
121 177    2.632   71.083
122 182    2.635   68.2
123 189    2.582   78.877
124 191    2.699   77.868
125 196    2.764   94.06
126 201    2.802   86.887
127 205    2.851   75.216
128 211    2.886   85.087
129 216    2.941   77.363
130 221    2.952   101.862
131 227    3.018   99.438
132 231    3.031   104.5
133 236    3.094   95.121
134 242    3.138   106.995
135 249    3.221   118.424
136 253    3.255   117.784
137 259    3.219   109.285
138 264    3.375   96.221
139 270    3.42    121.038
140 278    3.482   140.976
141 281    3.508   127.221
142 289    3.511   119.472
143 294    3.548   135.02
144 300    3.666   129.071
145 307    3.662   127.47
146 313    3.723   134.299
147 319    3.771   118.709
148 327    3.866   140.204
149 333    3.832   162.113
150 339    3.996   149.517
151 346    4.045   159.978
152 353    4.083   148.905
153 361    4.079   140.877
154 369    4.077   171.583
155 387    4.211   142.951
156 382    4.208   176.318
157 389    4.302   180.209
158 399    4.275   167.837
159 404    4.423   152.441
160 412    4.483   171.492
161 420    4.537   169.065
162 427    4.612   197.363
163 436    4.68    198.883
164 444    4.681   204.62
165 453    4.861   187.039
166 461    4.777   176.177
167 468    4.876   209.398
168 477    4.957   187.837
169 495    5.028   214.097
170 494    5.011   205.407
171 503    5.151   194.725
172 512    5.275   196.59
173 521    5.246   247.556
174 530    5.271   227.527
175 539    5.325   230.395
176 549    5.409   218.411
177 558    5.389   243.156
178 568    5.532   229.047
179 580    5.558   230.635
180 588    5.685   252.424
181 597    5.694   271.454
182 607    5.817   241.261
183 617    5.784   283.96
184 628    5.904   321.297
185 638    5.91    272.148
186 647    6.067   277.111
187 659    6.045   285.199
188 669    6.068   265.373
189 681    6.223   316.776
190 691    6.229   265.558
191 705    6.398   294.706
192 713    6.426   334.354
193 724    6.516   352.138
194 737    6.578   311.549
195 747    6.65    301.85
196 758    6.64    327.405
197 770    6.689   301.978
198 781    6.793   351.48
199 794    6.9     317.08
200 807    7.018   348.365
201 818    6.933   310.509
202 830    7.121   354.993
203 843    7.102   346.548
204 855    7.255   371.257
205 868    7.289   430.255
206 882    7.38    388.227
207 894    7.357   413.961
208 908    7.559   435.077
209 920    7.545   420.031
210 933    7.534   347.796
211 949    7.802   378.78
212 961    7.7     355.709
213 974    7.805   403.89
214 990    7.932   429.474
215 1001   8.004   412.377
216 1017   8.152   431.89
217 1029   8.119   437.424
218 1045   8.353   332.717
219 1058   8.317   425.237
220 1075   8.425   391.278
221 1091   8.517   491.016
222 1103   8.591   474.532
223 1120   8.63    474.777
224 1133   8.637   400.134
225 1150   8.819   511.751
226 1164   8.752   460.376
227 1181   8.8     497.674
228 1195   9.058   510.82
229 1213   9.118   557.712
230 1227   9.342   504.106
231 1243   9.447   480.453
232 1258   9.361   518.415
233 1278   9.349   520.508
234 1291   9.567   539.691
235 1307   9.566   589.939
236 1325   9.714   619.515
237 1343   9.844   574.242
238 1361   9.86    540.284
239 1377   9.824   541.33
240 1395   10.033  590.783
241 1411   9.981   700.275
242 1429   10.044  532.306
243 1449   10.288  564.661
244 1464   10.393  505.002
245 1489   10.365  604.488
246 1502   10.506  580.331
247 1520   10.616  627.023
248 1538   10.663  680.632
249 1555   10.586  638.969
250 1576   10.508  724.865
251 1595   10.886  689.504
252 1614   10.97   734.16
253 1642   11.087  768.416
254 1653   11.378  527.613
255 1672   11.233  791.322
256 1705   11.414  641.494
257 1711   11.55   794.652
258 1739   11.534  649.289
259 1754   11.58   690.113
260 1774   11.912  848.91
261 1802   11.734  729.699
262 1815   11.786  787.213
263 1835   11.916  814.038
264 1856   12.004  778.508
265 1882   12.133  762.43
266 1906   12.227  781.312
267 1923   12.581  873.726
268 1941   12.342  745.141
269 1966   12.47   746.926
270 1987   12.464  852.178
271 2010   12.641  820.624
272 2032   12.663  915.842
273 2055   13.035  843.83
274 2078   13.003  860.26
275 2099   12.936  921.085
276 2121   13.43   948.31
277 2148   13.479  902.158
278 2172   13.415  889.454
279 2190   13.615  960.05
280 2215   13.697  896.257
281 2241   13.582  868.964
282 2267   13.758  891.897
283 2287   13.82   941.093
284 2321   13.605  932.073
285 2338   14.214  1115.68
286 2361   13.897  1016.53
287 2390   14.164  959.203
288 2419   14.105  1100.66
289 2437   14.442  1060.06
290 2462   14.674  1107.98
291 2491   14.51   1024.27
292 2518   14.671  995.655
293 2544   14.674  1039.41
294 2565   14.882  1204.4
295 2591   15.144  1070.27
296 2617   15.121  1117.54
297 2646   15.303  1170.66
298 2673   15.353  1161.43
299 2697   15.526  1243.51
300 2726   16.381  1163.32
